1	1	1	1	82	1	21	0	0	0	0	0	0	0
1	1	1	2	30	1	39	0	0	1	0	1	0	0
1	1	1	3	55	1	5	0	0	0	0	1	0	0
1	1	2	1	43	1	71	0	0	0	0	2	0	0
1	1	2	2	59	1	2	0	0	0	0	0	0	0
1	1	2	3	9	1	1	0	0	0	0	0	0	0
1	1	3	1	77	1	0	0	0	0	1	0	0	0
1	1	3	2	49	1	51	0	0	0	0	0	0	0
1	1	3	3	65	1	26	0	0	0	0	0	0	0
1	2	1	1	67	1	69	0	0	0	0	0	0	0
1	2	1	2	10	1	61	1	0	0	0	2	0	0
1	2	1	3	37	1	31	0	0	0	0	0	0	0
1	2	2	1	85	1	144	0	0	0	0	0	0	0
1	2	2	2	33	1	136	0	0	1	0	0	0	0
1	2	2	3	79	1	13	0	0	0	0	1	0	0
1	2	3	1	70	1	24	0	0	0	0	0	0	0
1	2	3	2	76	1	19	0	0	0	0	0	0	0
1	2	3	3	3	1	54	0	0	0	0	0	0	0
1	3	1	1	64	1	1	0	0	0	0	0	0	0
1	3	1	2	22	1	6	0	0	0	0	0	0	0
1	3	1	3	56	1	49	0	0	0	0	0	0	0
1	3	2	1	73	1	112	0	0	1	0	3	0	0
1	3	2	2	31	1	1	0	0	0	0	0	0	0
1	3	2	3	11	1	10	1	0	0	0	0	0	1
1	3	3	1	18	1	1	0	0	0	0	0	0	0
1	3	3	2	72	1	9	0	0	0	0	0	0	0
1	3	3	3	45	1	0	0	0	0	0	0	0	0
2	1	1	1	50	1	50	0	0	0	0	0	0	0
2	1	1	2	15	1	1	0	0	0	0	0	0	0
2	1	1	3	68	1	108	0	0	0	0	0	0	0
2	1	2	1	12	1	26	0	0	0	1	0	0	0
2	1	2	2	42	1	0	0	0	0	0	0	0	0
2	1	2	3	35	1	23	0	0	0	0	0	0	0
2	1	3	1	87	1	19	0	0	0	0	0	0	0
2	1	3	2	14	1	67	0	0	0	0	0	0	0
2	1	3	3	48	1	16	0	0	0	1	0	0	0
2	2	1	1	8	1	60	0	0	1	0	1	0	0
2	2	1	2	13	1	58	0	0	0	0	0	0	0
2	2	1	3	5	1	13	0	0	0	0	0	0	0
2	2	2	1	81	1	46	0	0	0	0	0	0	0
2	2	2	2	75	1	1	0	0	0	0	0	0	0
2	2	2	3	61	1	10	0	0	0	0	0	0	0
2	2	3	1	41	1	65	0	0	0	0	0	0	0
2	2	3	2	28	1	55	0	0	1	0	0	0	0
2	2	3	3	7	1	21	0	0	0	0	2	0	0
2	3	1	1	66	1	2	0	0	1	0	0	0	0
2	3	1	2	17	1	48	0	0	0	0	0	0	0
2	3	1	3	51	1	66	0	0	0	0	0	0	0
2	3	2	1	19	1	20	0	0	0	0	0	0	0
2	3	2	2	6	1	26	0	0	0	0	0	0	0
2	3	2	3	25	1	55	0	0	0	0	0	0	0
2	3	3	1	44	1	0	0	0	0	0	0	0	0
2	3	3	2	62	1	5	0	0	0	0	0	0	0
2	3	3	3	34	1	4	1	0	0	0	0	0	0
3	1	1	1	29	1	29	0	0	0	0	0	0	0
3	1	1	2	27	1	0	0	0	0	0	0	0	0
3	1	1	3	71	1	117	0	0	1	0	0	0	0
3	1	2	1	38	1	1	0	0	0	0	0	0	0
3	1	2	2	26	1	27	0	0	0	0	0	0	0
3	1	2	3	86	1	7	0	0	0	0	0	0	0
3	1	3	1	83	1	0	0	0	0	0	0	0	0
3	1	3	2	39	1	18	0	0	0	0	0	0	0
3	1	3	3	63	1	7	0	0	0	0	0	0	0
3	2	1	1	16	1	10	2	0	0	0	0	0	0
3	2	1	2	57	1	9	0	0	0	0	0	0	0
3	2	1	3	53	1	12	0	0	0	0	0	0	0
3	2	2	1	23	1	27	0	0	0	0	0	0	0
3	2	2	2	54	1	9	0	0	0	0	0	0	0
3	2	2	3	52	1	6	0	0	0	0	0	0	0
3	2	3	1	24	1	12	0	0	0	0	0	0	0
3	2	3	2	2	1	54	1	0	0	0	1	0	0
3	2	3	3	84	1	14	0	0	0	0	0	0	0
3	3	1	1	32	1	0	0	0	0	0	1	0	0
3	3	1	2	20	1	23	1	0	0	0	1	0	0
3	3	1	3	40	1	0	0	0	0	0	0	0	0
3	3	2	1	36	1	0	0	0	0	0	2	0	0
3	3	2	2	47	1	100	0	0	0	1	4	0	0
3	3	2	3	46	1	40	0	0	1	0	0	0	0
3	3	3	1	60	1	0	0	0	0	0	0	0	0
3	3	3	2	4	1	0	0	0	0	0	0	0	0
3	3	3	3	58	1	0	0	0	0	0	0	0	0
1	1	1	1	82	2	17	0	0	0	0	0	0	0
1	1	1	2	30	2	51	0	0	0	0	0	0	0
1	1	1	3	55	2	7	0	0	0	1	0	0	0
1	1	2	1	43	2	125	1	0	0	0	6	0	0
1	1	2	2	59	2	5	0	0	0	0	0	0	0
1	1	2	3	9	2	1	0	0	0	0	0	0	0
1	1	3	1	77	2	0	0	0	0	0	0	0	0
1	1	3	2	49	2	58	0	0	0	0	2	0	0
1	1	3	3	65	2	23	0	0	0	0	0	0	0
1	2	1	1	67	2	99	0	0	0	0	3	0	0
1	2	1	2	10	2	46	1	0	0	0	3	0	0
1	2	1	3	37	2	35	1	0	0	0	0	0	0
1	2	2	1	85	2	124	0	0	0	0	0	0	0
1	2	2	2	33	2	136	0	0	0	0	0	1	0
1	2	2	3	79	2	35	0	0	0	0	0	0	0
1	2	3	1	70	2	35	0	0	0	0	0	0	0
1	2	3	2	76	2	21	0	0	0	0	0	0	0
1	2	3	3	3	2	51	0	0	0	0	0	0	0
1	3	1	1	64	2	4	0	0	0	0	0	0	0
1	3	1	2	22	2	28	0	0	0	0	0	0	0
1	3	1	3	56	2	53	0	0	0	0	1	0	0
1	3	2	1	73	2	153	0	0	0	0	10	0	0
1	3	2	2	31	2	1	1	0	0	0	0	0	0
1	3	2	3	11	2	5	0	0	0	0	0	0	1
1	3	3	1	18	2	2	0	0	0	1	0	0	0
1	3	3	2	72	2	4	0	0	0	0	0	0	0
1	3	3	3	45	2	0	0	0	0	0	0	0	0
2	1	1	1	50	2	58	0	0	0	0	0	0	0
2	1	1	2	15	2	6	0	0	0	0	0	0	0
2	1	1	3	68	2	88	0	0	0	0	3	0	0
2	1	2	1	12	2	33	0	0	0	0	0	0	0
2	1	2	2	42	2	0	0	0	0	0	0	0	0
2	1	2	3	35	2	31	0	0	0	0	0	0	0
2	1	3	1	87	2	18	0	0	0	0	0	0	0
2	1	3	2	14	2	83	0	0	0	0	1	0	0
2	1	3	3	48	2	39	0	0	0	0	2	0	0
2	2	1	1	8	2	68	0	0	1	0	4	0	0
2	2	1	2	13	2	53	0	0	0	0	0	0	0
2	2	1	3	5	2	31	0	0	0	0	1	0	0
2	2	2	1	81	2	62	0	0	0	0	0	0	0
2	2	2	2	75	2	22	0	0	0	0	0	0	0
2	2	2	3	61	2	0	0	0	0	0	1	0	0
2	2	3	1	41	2	134	0	0	0	0	1	0	0
2	2	3	2	28	2	70	0	0	1	0	0	0	0
2	2	3	3	7	2	24	0	0	0	0	0	0	1
2	3	1	1	66	2	4	0	0	0	1	0	0	0
2	3	1	2	17	2	61	0	0	0	0	1	0	0
2	3	1	3	51	2	59	0	0	1	0	0	0	0
2	3	2	1	19	2	32	0	0	0	0	0	0	0
2	3	2	2	6	2	45	0	0	0	0	0	0	0
2	3	2	3	25	2	50	0	0	0	0	0	0	0
2	3	3	1	44	2	0	0	0	0	0	0	0	0
2	3	3	2	62	2	5	0	0	0	0	0	0	0
2	3	3	3	34	2	4	0	0	0	0	0	0	0
3	1	1	1	29	2	29	0	0	0	0	0	0	0
3	1	1	2	27	2	0	0	0	0	0	0	0	0
3	1	1	3	71	2	80	0	0	1	0	0	0	0
3	1	2	1	38	2	0	0	0	0	0	1	0	0
3	1	2	2	26	2	32	0	0	0	0	0	0	0
3	1	2	3	86	2	5	0	0	0	0	2	0	0
3	1	3	1	83	2	0	0	0	0	0	2	0	0
3	1	3	2	39	2	22	0	0	0	0	4	0	0
3	1	3	3	63	2	17	0	0	0	0	0	0	0
3	2	1	1	16	2	12	0	0	0	0	0	0	0
3	2	1	2	57	2	15	0	0	0	0	0	0	0
3	2	1	3	53	2	14	0	0	0	0	0	0	0
3	2	2	1	23	2	14	0	0	0	0	2	0	0
3	2	2	2	54	2	0	1	0	0	0	2	0	0
3	2	2	3	52	2	8	0	0	0	0	0	0	0
3	2	3	1	24	2	1	0	0	0	0	0	0	0
3	2	3	2	2	2	30	1	0	0	0	2	0	0
3	2	3	3	84	2	16	0	0	0	0	0	0	0
3	3	1	1	32	2	0	0	0	0	0	0	0	0
3	3	1	2	20	2	6	0	0	0	0	1	0	0
3	3	1	3	40	2	4	0	0	0	0	0	0	0
3	3	2	1	36	2	0	0	0	0	0	0	0	0
3	3	2	2	47	2	96	2	0	0	1	2	0	0
3	3	2	3	46	2	11	0	0	0	0	0	1	0
3	3	3	1	60	2	0	0	0	0	0	0	0	0
3	3	3	2	4	2	0	0	0	0	0	0	0	0
3	3	3	3	58	2	0	0	0	0	0	0	0	0
1	1	1	1	82	3	26	0	0	0	0	0	0	0
1	1	1	2	30	3	34	1	0	0	0	0	0	0
1	1	1	3	55	3	2	0	0	0	0	0	0	0
1	1	2	1	43	3	111	1	0	0	0	3	0	0
1	1	2	2	59	3	3	0	0	0	0	1	0	0
1	1	2	3	9	3	1	0	0	0	0	0	0	0
1	1	3	1	77	3	0	0	0	0	0	0	0	0
1	1	3	2	49	3	61	0	0	0	0	0	0	0
1	1	3	3	65	3	3	0	0	0	0	1	0	0
1	2	1	1	67	3	87	0	0	0	0	0	1	0
1	2	1	2	10	3	21	1	0	0	0	1	0	0
1	2	1	3	37	3	6	0	0	0	0	0	0	0
1	2	2	1	85	3	205	0	0	0	0	0	0	0
1	2	2	2	33	3	38	1	0	0	0	0	0	0
1	2	2	3	79	3	15	0	0	0	0	0	0	0
1	2	3	1	70	3	44	0	0	0	0	1	0	0
1	2	3	2	76	3	35	0	0	0	0	0	0	0
1	2	3	3	3	3	95	0	0	0	0	0	0	0
1	3	1	1	64	3	13	0	0	0	0	0	0	0
1	3	1	2	22	3	37	0	0	0	0	0	0	0
1	3	1	3	56	3	42	1	0	0	0	0	0	0
1	3	2	1	73	3	163	0	0	0	0	3	0	0
1	3	2	2	31	3	1	0	0	0	0	1	0	0
1	3	2	3	11	3	1	0	0	0	0	0	0	0
1	3	3	1	18	3	2	0	0	0	0	0	0	0
1	3	3	2	72	3	0	0	0	0	0	0	0	0
1	3	3	3	45	3	1	0	0	0	0	0	0	0
2	1	1	1	50	3	0	0	0	0	0	0	0	0
2	1	1	2	15	3	38	0	0	0	0	0	0	0
2	1	1	3	68	3	58	0	0	0	0	0	0	0
2	1	2	1	12	3	22	0	0	0	0	0	0	0
2	1	2	2	42	3	0	0	0	0	0	0	0	0
2	1	2	3	35	3	50	0	0	0	0	0	0	0
2	1	3	1	87	3	23	0	0	0	0	0	0	0
2	1	3	2	14	3	97	0	0	0	0	0	0	0
2	1	3	3	48	3	27	0	0	0	0	0	0	0
2	2	1	1	8	3	53	0	0	1	0	2	0	0
2	2	1	2	13	3	76	0	0	0	0	2	0	0
2	2	1	3	5	3	30	0	0	0	0	0	0	0
2	2	2	1	81	3	73	0	0	0	0	0	0	0
2	2	2	2	75	3	0	0	0	0	0	0	0	0
2	2	2	3	61	3	36	0	0	0	0	0	0	0
2	2	3	1	41	3	174	0	0	0	0	0	0	0
2	2	3	2	28	3	79	0	1	0	0	0	0	0
2	2	3	3	7	3	20	0	0	0	0	2	0	1
2	3	1	1	66	3	7	0	0	0	0	0	0	0
2	3	1	2	17	3	86	0	0	0	0	2	0	0
2	3	1	3	51	3	40	0	0	1	0	0	0	0
2	3	2	1	19	3	35	0	0	0	0	0	0	0
2	3	2	2	6	3	29	0	0	0	0	0	0	0
2	3	2	3	25	3	56	0	0	0	0	0	0	0
2	3	3	1	44	3	0	0	0	0	0	0	0	0
2	3	3	2	62	3	12	0	0	0	0	0	0	0
2	3	3	3	34	3	0	0	0	0	0	0	0	0
3	1	1	1	29	3	52	0	0	0	0	0	0	0
3	1	1	2	27	3	0	0	0	0	0	0	0	0
3	1	1	3	71	3	79	1	0	1	0	0	0	0
3	1	2	1	38	3	1	0	0	0	0	0	0	0
3	1	2	2	26	3	54	0	0	0	0	0	0	0
3	1	2	3	86	3	4	0	0	0	0	3	0	0
3	1	3	1	83	3	0	0	0	0	0	2	0	0
3	1	3	2	39	3	22	0	0	0	0	0	0	0
3	1	3	3	63	3	0	0	0	0	0	0	0	0
3	2	1	1	16	3	25	0	0	0	0	0	0	0
3	2	1	2	57	3	13	0	0	0	0	0	0	0
3	2	1	3	53	3	36	0	0	0	0	0	0	0
3	2	2	1	23	3	0	0	0	0	0	0	0	0
3	2	2	2	54	3	0	0	0	0	0	0	0	0
3	2	2	3	52	3	0	0	0	0	0	0	0	0
3	2	3	1	24	3	1	0	0	0	1	0	0	0
3	2	3	2	2	3	7	1	0	0	0	0	0	0
3	2	3	3	84	3	11	0	0	0	0	1	0	0
3	3	1	1	32	3	0	0	0	0	0	0	0	0
3	3	1	2	20	3	0	0	0	0	0	0	0	0
3	3	1	3	40	3	5	0	0	0	0	0	0	0
3	3	2	1	36	3	0	0	0	0	0	4	0	0
3	3	2	2	47	3	59	0	0	0	1	0	1	0
3	3	2	3	46	3	17	0	0	0	0	1	0	0
3	3	3	1	60	3	0	0	0	0	0	0	0	0
3	3	3	2	4	3	0	0	0	0	0	0	0	0
3	3	3	3	58	3	0	0	0	0	0	0	0	0
1	1	1	1	82	4	10	0	0	0	0	1	0	0
1	1	1	2	30	4	22	0	0	0	0	2	0	0
1	1	1	3	55	4	1	0	0	0	0	0	0	0
1	1	2	1	43	4	103	1	0	0	0	0	0	0
1	1	2	2	59	4	2	0	0	0	0	0	0	0
1	1	2	3	9	4	1	0	0	0	0	0	0	0
1	1	3	1	77	4	0	0	0	0	0	0	0	0
1	1	3	2	49	4	72	0	0	0	0	0	0	0
1	1	3	3	65	4	5	0	0	0	0	0	0	0
1	2	1	1	67	4	93	0	0	0	0	2	0	0
1	2	1	2	10	4	2	1	0	0	0	0	0	0
1	2	1	3	37	4	5	0	0	0	0	0	0	0
1	2	2	1	85	4	133	0	0	0	0	0	0	0
1	2	2	2	33	4	12	0	0	0	0	0	0	1
1	2	2	3	79	4	13	0	0	0	0	0	0	0
1	2	3	1	70	4	58	0	0	0	0	0	0	0
1	2	3	2	76	4	44	0	0	0	0	0	0	0
1	2	3	3	3	4	149	0	0	0	0	0	0	0
1	3	1	1	64	4	15	0	0	0	0	2	0	0
1	3	1	2	22	4	42	0	0	0	0	0	0	0
1	3	1	3	56	4	8	1	0	0	0	1	0	0
1	3	2	1	73	4	181	0	0	0	0	0	0	0
1	3	2	2	31	4	6	0	0	0	0	0	0	0
1	3	2	3	11	4	6	0	0	0	0	0	0	0
1	3	3	1	18	4	4	0	0	0	0	0	0	0
1	3	3	2	72	4	0	0	0	0	0	0	0	0
1	3	3	3	45	4	0	0	0	0	0	0	0	0
2	1	1	1	50	4	0	0	0	0	1	0	0	0
2	1	1	2	15	4	42	0	0	0	0	0	0	0
2	1	1	3	68	4	0	0	0	0	0	0	0	0
2	1	2	1	12	4	20	0	0	0	0	0	0	1
2	1	2	2	42	4	0	0	0	0	0	0	0	0
2	1	2	3	35	4	30	0	0	0	0	0	0	0
2	1	3	1	87	4	22	0	0	0	0	0	0	0
2	1	3	2	14	4	64	0	0	0	0	0	0	0
2	1	3	3	48	4	15	1	0	0	0	0	0	0
2	2	1	1	8	4	59	0	1	0	0	3	0	0
2	2	1	2	13	4	89	0	0	0	0	3	0	0
2	2	1	3	5	4	39	0	0	0	0	0	0	0
2	2	2	1	81	4	92	0	0	0	0	2	0	0
2	2	2	2	75	4	0	0	0	0	0	0	0	0
2	2	2	3	61	4	24	0	0	0	0	0	0	0
2	2	3	1	41	4	63	0	0	0	0	2	0	0
2	2	3	2	28	4	94	0	1	0	0	0	0	0
2	2	3	3	7	4	45	0	0	0	0	1	0	1
2	3	1	1	66	4	14	0	0	0	1	3	0	0
2	3	1	2	17	4	96	0	0	0	0	0	0	0
2	3	1	3	51	4	41	0	0	1	0	0	0	0
2	3	2	1	19	4	44	0	0	0	0	0	0	0
2	3	2	2	6	4	24	0	0	0	0	0	0	0
2	3	2	3	25	4	56	0	0	0	0	0	0	0
2	3	3	1	44	4	0	0	0	0	0	0	0	0
2	3	3	2	62	4	13	0	0	0	0	1	0	0
2	3	3	3	34	4	3	0	0	0	0	2	0	0
3	1	1	1	29	4	31	0	0	0	0	0	0	0
3	1	1	2	27	4	0	0	0	0	0	0	0	0
3	1	1	3	71	4	68	0	0	1	0	0	0	0
3	1	2	1	38	4	1	0	0	0	0	0	0	0
3	1	2	2	26	4	61	0	0	0	0	0	0	0
3	1	2	3	86	4	10	0	0	0	0	0	0	0
3	1	3	1	83	4	0	0	0	0	0	1	0	0
3	1	3	2	39	4	6	0	0	0	0	0	0	1
3	1	3	3	63	4	1	0	0	0	0	0	0	0
3	2	1	1	16	4	3	1	0	0	0	0	0	0
3	2	1	2	57	4	3	0	0	0	0	0	0	0
3	2	1	3	53	4	25	0	0	0	0	0	0	0
3	2	2	1	23	4	3	0	0	0	0	0	0	0
3	2	2	2	54	4	0	0	0	0	0	0	0	0
3	2	2	3	52	4	0	0	0	0	0	0	0	0
3	2	3	1	24	4	0	0	0	0	1	0	0	0
3	2	3	2	2	4	0	0	0	0	0	0	0	0
3	2	3	3	84	4	3	0	0	0	0	0	0	0
3	3	1	1	32	4	0	0	0	0	0	0	0	0
3	3	1	2	20	4	0	0	0	0	0	1	0	0
3	3	1	3	40	4	2	0	0	0	0	0	0	0
3	3	2	1	36	4	0	0	0	0	0	0	0	0
3	3	2	2	47	4	81	0	0	0	0	2	0	0
3	3	2	3	46	4	23	0	0	0	0	2	0	0
3	3	3	1	60	4	0	0	0	0	0	0	0	0
3	3	3	2	4	4	0	0	0	0	0	0	0	0
3	3	3	3	58	4	0	0	0	0	1	0	0	0
1	1	1	1	82	5	14	0	0	0	0	3	0	0
1	1	1	2	30	5	8	0	0	0	0	1	0	1
1	1	1	3	55	5	2	0	0	0	0	0	0	0
1	1	2	1	43	5	178	0	0	0	0	4	0	0
1	1	2	2	59	5	12	0	0	0	0	0	0	0
1	1	2	3	9	5	0	0	0	0	0	1	0	0
1	1	3	1	77	5	0	0	0	0	0	0	0	0
1	1	3	2	49	5	114	0	0	0	0	0	0	0
1	1	3	3	65	5	3	0	0	0	0	1	0	0
1	2	1	1	67	5	103	1	0	0	0	6	0	0
1	2	1	2	10	5	0	0	0	0	0	0	0	0
1	2	1	3	37	5	1	0	0	0	0	0	0	0
1	2	2	1	85	5	247	0	0	0	0	4	0	0
1	2	2	2	33	5	53	0	0	0	0	0	0	1
1	2	2	3	79	5	7	0	0	0	0	0	0	0
1	2	3	1	70	5	91	0	0	0	0	0	0	0
1	2	3	2	76	5	26	1	0	0	0	0	0	0
1	2	3	3	3	5	102	0	0	0	0	3	0	0
1	3	1	1	64	5	13	0	0	0	0	1	0	0
1	3	1	2	22	5	16	0	0	0	0	0	0	0
1	3	1	3	56	5	2	0	0	0	0	1	0	0
1	3	2	1	73	5	220	0	0	0	0	5	0	0
1	3	2	2	31	5	18	0	0	0	0	0	0	0
1	3	2	3	11	5	0	1	0	0	0	0	0	0
1	3	3	1	18	5	1	0	0	0	0	0	0	0
1	3	3	2	72	5	0	0	0	0	0	0	0	0
1	3	3	3	45	5	0	0	0	0	0	0	0	0
2	1	1	1	50	5	0	1	0	0	0	1	0	0
2	1	1	2	15	5	46	0	0	0	0	2	0	0
2	1	1	3	68	5	0	0	0	0	0	0	0	0
2	1	2	1	12	5	28	0	0	0	0	0	0	1
2	1	2	2	42	5	1	0	0	0	0	0	0	0
2	1	2	3	35	5	27	0	0	0	0	0	0	0
2	1	3	1	87	5	26	0	0	0	0	0	0	0
2	1	3	2	14	5	78	0	0	0	0	2	0	0
2	1	3	3	48	5	10	0	0	0	0	1	0	0
2	2	1	1	8	5	90	0	1	0	0	2	0	0
2	2	1	2	13	5	141	0	0	0	0	3	0	0
2	2	1	3	5	5	51	0	0	0	0	0	0	0
2	2	2	1	81	5	78	0	0	0	0	0	0	0
2	2	2	2	75	5	0	0	0	0	0	0	0	0
2	2	2	3	61	5	34	0	0	0	0	1	0	0
2	2	3	1	41	5	229	0	0	0	0	0	0	0
2	2	3	2	28	5	99	0	1	0	0	0	0	0
2	2	3	3	7	5	54	0	0	0	0	3	0	1
2	3	1	1	66	5	30	0	0	0	1	2	0	0
2	3	1	2	17	5	106	0	0	0	1	0	0	0
2	3	1	3	51	5	59	0	1	0	0	0	0	0
2	3	2	1	19	5	69	0	0	0	0	0	0	0
2	3	2	2	6	5	14	0	0	0	0	0	0	0
2	3	2	3	25	5	71	0	0	0	0	0	0	0
2	3	3	1	44	5	1	0	0	0	0	0	0	0
2	3	3	2	62	5	16	0	0	0	0	0	0	0
2	3	3	3	34	5	6	0	0	0	0	0	0	0
3	1	1	1	29	5	60	0	0	0	0	0	0	0
3	1	1	2	27	5	0	0	0	0	0	0	0	0
3	1	1	3	71	5	70	0	1	0	0	0	0	0
3	1	2	1	38	5	1	0	0	0	0	0	0	0
3	1	2	2	26	5	72	0	0	0	0	1	0	0
3	1	2	3	86	5	10	0	0	0	0	0	0	0
3	1	3	1	83	5	1	0	0	0	0	0	0	0
3	1	3	2	39	5	20	0	0	0	0	1	0	1
3	1	3	3	63	5	0	0	0	0	0	0	0	0
3	2	1	1	16	5	5	0	0	0	0	0	0	0
3	2	1	2	57	5	11	0	0	0	0	0	0	0
3	2	1	3	53	5	43	0	0	0	0	0	0	0
3	2	2	1	23	5	1	0	0	0	0	1	0	0
3	2	2	2	54	5	0	0	0	0	0	0	0	0
3	2	2	3	52	5	1	0	0	0	0	0	0	0
3	2	3	1	24	5	0	0	0	0	0	0	0	0
3	2	3	2	2	5	1	0	0	0	0	1	0	0
3	2	3	3	84	5	5	0	0	0	0	0	0	0
3	3	1	1	32	5	0	0	0	0	0	2	0	0
3	3	1	2	20	5	1	0	0	0	0	0	0	0
3	3	1	3	40	5	0	0	0	0	0	0	0	0
3	3	2	1	36	5	0	0	0	0	0	2	0	0
3	3	2	2	47	5	156	0	0	0	0	4	0	0
3	3	2	3	46	5	24	0	0	0	0	2	0	0
3	3	3	1	60	5	0	0	0	0	0	0	0	0
3	3	3	2	4	5	0	0	0	0	0	0	0	0
3	3	3	3	58	5	0	0	0	0	1	1	0	0
1	1	1	1	82	6	10	0	0	0	0	3	0	0
1	1	1	2	30	6	36	0	0	0	0	0	0	0
1	1	1	3	55	6	3	0	0	0	0	0	0	0
1	1	2	1	43	6	224	0	0	0	0	3	0	0
1	1	2	2	59	6	19	0	0	0	0	0	0	0
1	1	2	3	9	6	8	0	0	0	0	0	0	0
1	1	3	1	77	6	0	0	0	0	0	0	0	0
1	1	3	2	49	6	130	0	0	0	0	2	0	0
1	1	3	3	65	6	0	0	0	0	0	0	0	0
1	2	1	1	67	6	108	0	0	0	0	2	0	0
1	2	1	2	10	6	0	0	0	0	0	0	0	0
1	2	1	3	37	6	10	1	0	0	0	0	0	0
1	2	2	1	85	6	284	0	0	0	0	0	0	0
1	2	2	2	33	6	70	0	0	0	0	0	0	1
1	2	2	3	79	6	5	0	0	0	0	0	0	0
1	2	3	1	70	6	91	0	0	0	0	0	0	0
1	2	3	2	76	6	10	0	0	0	0	0	0	0
1	2	3	3	3	6	156	0	0	0	0	0	0	0
1	3	1	1	64	6	1	0	0	0	0	0	0	0
1	3	1	2	22	6	12	0	0	0	0	0	0	0
1	3	1	3	56	6	0	0	0	0	0	0	0	0
1	3	2	1	73	6	237	0	0	0	0	2	0	0
1	3	2	2	31	6	18	0	0	0	0	1	0	0
1	3	2	3	11	6	0	0	0	0	0	0	0	0
1	3	3	1	18	6	0	0	0	0	0	0	0	0
1	3	3	2	72	6	7	0	0	0	1	0	0	0
1	3	3	3	45	6	1	0	0	0	0	0	0	0
2	1	1	1	50	6	0	0	0	0	0	0	0	0
2	1	1	2	15	6	36	0	0	0	0	0	0	0
2	1	1	3	68	6	0	1	0	0	0	0	0	0
2	1	2	1	12	6	23	0	0	0	0	0	0	1
2	1	2	2	42	6	6	0	0	0	0	0	0	0
2	1	2	3	35	6	12	0	0	0	0	0	0	0
2	1	3	1	87	6	10	0	0	0	0	0	0	0
2	1	3	2	14	6	45	0	0	0	0	0	1	0
2	1	3	3	48	6	0	0	0	0	0	0	0	0
2	2	1	1	8	6	81	0	0	0	0	0	0	0
2	2	1	2	13	6	158	0	0	0	0	2	0	0
2	2	1	3	5	6	33	0	0	0	0	0	1	0
2	2	2	1	81	6	66	0	0	0	0	0	0	0
2	2	2	2	75	6	0	0	0	0	0	0	0	0
2	2	2	3	61	6	35	0	0	0	0	0	0	0
2	2	3	1	41	6	225	0	0	0	0	0	0	0
2	2	3	2	28	6	89	0	0	0	0	2	0	0
2	2	3	3	7	6	70	0	0	0	0	0	0	1
2	3	1	1	66	6	9	0	0	0	1	0	0	0
2	3	1	2	17	6	68	0	0	0	0	3	0	0
2	3	1	3	51	6	49	0	1	0	0	2	1	0
2	3	2	1	19	6	75	0	0	0	0	0	0	0
2	3	2	2	6	6	3	0	0	0	0	0	0	0
2	3	2	3	25	6	69	0	0	0	0	3	0	0
2	3	3	1	44	6	0	0	0	0	0	0	0	0
2	3	3	2	62	6	17	0	0	0	0	2	0	0
2	3	3	3	34	6	2	0	0	0	0	0	0	0
3	1	1	1	29	6	51	0	0	0	0	2	0	0
3	1	1	2	27	6	0	0	0	0	0	2	0	0
3	1	1	3	71	6	41	0	0	0	0	0	0	0
3	1	2	1	38	6	1	0	0	0	0	0	0	0
3	1	2	2	26	6	83	0	0	0	0	0	0	0
3	1	2	3	86	6	26	0	0	0	0	0	0	0
3	1	3	1	83	6	0	0	0	0	0	0	0	0
3	1	3	2	39	6	23	0	0	0	0	0	0	1
3	1	3	3	63	6	0	0	0	0	0	0	0	0
3	2	1	1	16	6	19	0	0	0	0	0	0	0
3	2	1	2	57	6	17	0	0	0	0	0	0	0
3	2	1	3	53	6	27	0	0	0	0	0	0	0
3	2	2	1	23	6	2	0	0	0	0	0	0	0
3	2	2	2	54	6	0	0	0	0	0	0	0	0
3	2	2	3	52	6	0	0	0	0	0	0	0	0
3	2	3	1	24	6	0	0	0	0	0	0	0	0
3	2	3	2	2	6	0	1	0	0	0	0	0	0
3	2	3	3	84	6	6	0	0	0	0	0	0	0
3	3	1	1	32	6	0	0	0	0	0	0	0	0
3	3	1	2	20	6	1	0	0	0	0	0	0	0
3	3	1	3	40	6	0	0	0	0	0	0	0	0
3	3	2	1	36	6	0	0	0	0	0	1	0	0
3	3	2	2	47	6	154	0	0	0	0	2	0	0
3	3	2	3	46	6	7	0	0	0	0	4	0	0
3	3	3	1	60	6	0	0	0	0	0	0	0	0
3	3	3	2	4	6	1	0	0	0	0	0	0	0
3	3	3	3	58	6	0	0	0	0	1	0	0	0
1	1	1	1	82	7	6	0	0	0	0	3	0	0
1	1	1	2	30	7	34	0	0	0	0	2	0	0
1	1	1	3	55	7	0	0	0	0	0	0	0	0
1	1	2	1	43	7	205	0	0	0	0	4	0	0
1	1	2	2	59	7	4	0	0	0	0	0	0	0
1	1	2	3	9	7	12	0	0	0	0	0	0	0
1	1	3	1	77	7	0	0	0	0	0	0	0	0
1	1	3	2	49	7	86	0	0	0	0	0	0	0
1	1	3	3	65	7	0	0	0	0	0	0	0	0
1	2	1	1	67	7	85	0	0	0	0	2	0	0
1	2	1	2	10	7	7	0	0	0	0	0	0	0
1	2	1	3	37	7	14	0	0	0	0	0	0	0
1	2	2	1	85	7	279	0	0	0	0	2	0	0
1	2	2	2	33	7	76	0	0	0	1	1	0	0
1	2	2	3	79	7	9	0	0	0	0	0	0	0
1	2	3	1	70	7	112	0	0	0	0	0	0	0
1	2	3	2	76	7	16	0	0	0	0	0	0	0
1	2	3	3	3	7	156	0	0	0	0	0	0	0
1	3	1	1	64	7	0	0	0	0	0	0	0	0
1	3	1	2	22	7	1	0	0	0	0	0	0	0
1	3	1	3	56	7	1	0	0	0	0	1	0	0
1	3	2	1	73	7	216	0	0	0	0	0	0	0
1	3	2	2	31	7	0	0	0	0	0	0	0	0
1	3	2	3	11	7	0	0	0	0	1	0	0	0
1	3	3	1	18	7	0	1	0	0	0	0	0	0
1	3	3	2	72	7	1	0	0	0	0	0	0	0
1	3	3	3	45	7	0	0	0	0	0	0	0	0
2	1	1	1	50	7	0	0	0	0	0	0	0	0
2	1	1	2	15	7	20	0	0	0	1	2	0	0
2	1	1	3	68	7	0	0	0	0	0	0	0	0
2	1	2	1	12	7	20	0	0	0	0	0	0	1
2	1	2	2	42	7	0	0	0	0	0	0	0	0
2	1	2	3	35	7	0	0	0	0	0	0	0	0
2	1	3	1	87	7	0	0	0	0	0	0	0	0
2	1	3	2	14	7	44	0	0	0	0	3	0	0
2	1	3	3	48	7	0	0	0	0	0	0	0	0
2	2	1	1	8	7	111	0	0	0	0	0	0	0
2	2	1	2	13	7	238	0	0	0	0	2	0	0
2	2	1	3	5	7	50	0	0	0	0	2	0	0
2	2	2	1	81	7	79	0	0	0	0	0	0	0
2	2	2	2	75	7	0	0	0	0	0	0	0	0
2	2	2	3	61	7	36	0	0	0	0	0	0	0
2	2	3	1	41	7	174	0	0	0	0	3	0	0
2	2	3	2	28	7	119	0	0	0	0	1	0	0
2	2	3	3	7	7	117	0	0	0	0	1	0	1
2	3	1	1	66	7	0	0	0	0	0	0	0	0
2	3	1	2	17	7	50	0	0	0	0	0	1	0
2	3	1	3	51	7	33	1	0	0	0	0	0	0
2	3	2	1	19	7	70	0	0	0	0	0	0	0
2	3	2	2	6	7	0	0	0	0	0	0	0	0
2	3	2	3	25	7	62	0	0	0	0	0	0	0
2	3	3	1	44	7	0	0	0	0	0	0	0	0
2	3	3	2	62	7	9	0	0	0	0	1	0	0
2	3	3	3	34	7	8	0	0	0	1	1	0	0
3	1	1	1	29	7	46	0	0	0	0	0	0	0
3	1	1	2	27	7	4	0	0	0	0	1	0	0
3	1	1	3	71	7	2	0	0	0	0	0	0	0
3	1	2	1	38	7	1	0	0	0	0	0	0	0
3	1	2	2	26	7	107	0	0	0	0	0	0	0
3	1	2	3	86	7	15	0	0	0	0	0	0	0
3	1	3	1	83	7	0	0	0	0	0	0	0	0
3	1	3	2	39	7	23	0	0	0	0	1	0	0
3	1	3	3	63	7	0	0	0	0	0	0	0	0
3	2	1	1	16	7	23	0	0	0	0	0	0	0
3	2	1	2	57	7	8	0	0	0	0	0	0	0
3	2	1	3	53	7	49	0	0	0	0	0	0	0
3	2	2	1	23	7	1	0	0	0	0	0	0	0
3	2	2	2	54	7	0	0	0	0	0	0	0	0
3	2	2	3	52	7	2	0	0	0	0	0	0	0
3	2	3	1	24	7	1	0	0	0	0	0	0	0
3	2	3	2	2	7	0	0	0	0	0	0	0	0
3	2	3	3	84	7	8	0	0	0	0	0	0	0
3	3	1	1	32	7	0	0	0	0	0	0	0	0
3	3	1	2	20	7	0	0	0	0	0	0	0	0
3	3	1	3	40	7	0	0	0	0	0	0	0	0
3	3	2	1	36	7	0	0	0	0	0	0	0	0
3	3	2	2	47	7	113	0	0	10	1	2	0	0
3	3	2	3	46	7	6	0	0	0	0	0	0	0
3	3	3	1	60	7	0	0	0	0	0	0	0	0
3	3	3	2	4	7	0	0	0	0	0	0	0	0
3	3	3	3	58	7	0	0	0	0	1	0	0	0
1	1	1	1	82	8	1	0	0	0	0	3	0	0
1	1	1	2	30	8	9	0	0	0	0	0	0	0
1	1	1	3	55	8	3	0	0	0	0	0	0	0
1	1	2	1	43	8	250	0	0	0	0	3	0	0
1	1	2	2	59	8	5	0	0	0	0	0	0	0
1	1	2	3	9	8	13	0	0	0	0	1	0	0
1	1	3	1	77	8	0	0	0	0	1	0	0	0
1	1	3	2	49	8	65	0	0	0	0	0	0	0
1	1	3	3	65	8	0	0	0	0	0	0	0	0
1	2	1	1	67	8	101	0	0	0	0	1	0	0
1	2	1	2	10	8	0	0	0	0	0	0	0	0
1	2	1	3	37	8	19	0	0	0	1	0	0	0
1	2	2	1	85	8	359	0	0	0	0	5	0	0
1	2	2	2	33	8	83	0	0	6	0	0	0	0
1	2	2	3	79	8	13	0	0	0	0	0	0	0
1	2	3	1	70	8	30	0	0	0	0	0	0	0
1	2	3	2	76	8	0	1	0	0	0	0	0	0
1	2	3	3	3	8	121	1	0	0	0	3	0	1
1	3	1	1	64	8	0	0	0	0	0	1	0	0
1	3	1	2	22	8	0	0	0	0	0	1	0	0
1	3	1	3	56	8	0	0	0	0	0	1	0	0
1	3	2	1	73	8	234	0	0	0	0	2	0	0
1	3	2	2	31	8	2	0	0	0	1	0	0	0
1	3	2	3	11	8	0	0	0	0	0	0	0	0
1	3	3	1	18	8	0	0	0	0	1	0	0	0
1	3	3	2	72	8	5	0	0	0	0	0	0	0
1	3	3	3	45	8	0	0	0	0	0	0	0	0
2	1	1	1	50	8	0	0	0	0	0	0	0	0
2	1	1	2	15	8	4	0	0	0	0	2	0	0
2	1	1	3	68	8	0	0	0	0	0	0	0	0
2	1	2	1	12	8	0	0	0	4	0	0	0	1
2	1	2	2	42	8	8	0	0	0	0	0	0	0
2	1	2	3	35	8	0	0	0	0	0	1	0	0
2	1	3	1	87	8	0	0	0	0	0	0	0	0
2	1	3	2	14	8	54	0	0	0	0	1	0	0
2	1	3	3	48	8	0	0	0	0	0	0	0	0
2	2	1	1	8	8	87	0	0	0	0	2	0	0
2	2	1	2	13	8	263	0	0	0	0	1	0	0
2	2	1	3	5	8	45	0	0	0	0	2	0	0
2	2	2	1	81	8	55	0	0	0	0	1	0	0
2	2	2	2	75	8	0	0	0	0	0	0	0	0
2	2	2	3	61	8	32	0	0	0	0	0	0	0
2	2	3	1	41	8	188	0	0	0	0	3	0	0
2	2	3	2	28	8	90	0	0	0	0	0	0	0
2	2	3	3	7	8	56	0	0	0	0	3	1	1
2	3	1	1	66	8	0	0	0	0	1	0	0	0
2	3	1	2	17	8	26	0	0	0	1	0	0	0
2	3	1	3	51	8	7	0	0	0	0	0	0	0
2	3	2	1	19	8	104	0	0	0	0	0	0	0
2	3	2	2	6	8	0	0	0	0	0	0	0	0
2	3	2	3	25	8	38	0	0	0	0	0	0	0
2	3	3	1	44	8	6	0	0	0	0	0	0	0
2	3	3	2	62	8	22	0	0	0	0	0	0	0
2	3	3	3	34	8	14	0	0	0	0	1	0	0
3	1	1	1	29	8	9	0	0	0	1	0	0	0
3	1	1	2	27	8	0	0	0	0	0	0	0	0
3	1	1	3	71	8	0	0	0	0	0	0	0	0
3	1	2	1	38	8	0	0	0	0	0	0	1	0
3	1	2	2	26	8	35	1	0	0	0	0	0	0
3	1	2	3	86	8	3	0	0	0	0	0	0	0
3	1	3	1	83	8	0	0	0	0	0	0	0	0
3	1	3	2	39	8	18	0	0	0	0	0	0	0
3	1	3	3	63	8	0	0	0	0	0	0	0	0
3	2	1	1	16	8	1	0	0	0	0	0	1	0
3	2	1	2	57	8	3	0	0	0	0	0	0	0
3	2	1	3	53	8	9	0	0	0	0	0	0	0
3	2	2	1	23	8	1	0	0	0	0	0	0	0
3	2	2	2	54	8	0	0	0	0	0	0	0	0
3	2	2	3	52	8	0	0	0	0	0	0	0	0
3	2	3	1	24	8	0	0	0	0	0	0	0	0
3	2	3	2	2	8	0	0	0	0	0	0	0	0
3	2	3	3	84	8	0	0	0	0	0	0	0	0
3	3	1	1	32	8	0	0	0	0	0	0	0	0
3	3	1	2	20	8	0	0	0	0	0	0	0	0
3	3	1	3	40	8	0	0	0	0	0	0	0	0
3	3	2	1	36	8	0	0	0	0	0	1	0	0
3	3	2	2	47	8	67	0	0	9	1	0	0	0
3	3	2	3	46	8	0	0	0	0	0	0	0	0
3	3	3	1	60	8	0	0	0	0	0	0	0	0
3	3	3	2	4	8	0	0	0	0	0	0	0	0
3	3	3	3	58	8	0	0	0	0	1	0	0	0
1	1	1	1	82	9	0	0	0	0	0	0	0	0
1	1	1	2	30	9	14	0	0	0	0	1	0	0
1	1	1	3	55	9	1	0	0	0	0	1	0	0
1	1	2	1	43	9	279	0	0	0	0	4	0	0
1	1	2	2	59	9	6	0	0	0	0	0	0	0
1	1	2	3	9	9	6	0	0	0	0	1	0	0
1	1	3	1	77	9	0	0	0	0	0	0	0	0
1	1	3	2	49	9	49	0	0	0	0	0	0	0
1	1	3	3	65	9	0	0	0	0	0	0	0	0
1	2	1	1	67	9	150	0	0	0	0	0	0	0
1	2	1	2	10	9	18	0	0	0	0	0	0	0
1	2	1	3	37	9	17	0	0	0	0	0	0	0
1	2	2	1	85	9	404	0	0	0	0	0	0	0
1	2	2	2	33	9	59	0	0	4	0	0	0	0
1	2	2	3	79	9	7	0	0	0	0	0	0	0
1	2	3	1	70	9	18	1	0	0	0	0	0	0
1	2	3	2	76	9	0	0	0	0	0	0	0	0
1	2	3	3	3	9	81	1	0	0	0	2	0	0
1	3	1	1	64	9	0	0	0	0	0	0	0	0
1	3	1	2	22	9	0	0	0	0	0	0	0	0
1	3	1	3	56	9	0	0	0	0	0	0	0	0
1	3	2	1	73	9	219	0	0	0	0	4	0	0
1	3	2	2	31	9	6	0	0	0	1	0	0	0
1	3	2	3	11	9	0	0	0	0	0	0	0	0
1	3	3	1	18	9	0	0	0	0	1	0	0	0
1	3	3	2	72	9	0	0	0	0	0	0	0	0
1	3	3	3	45	9	0	0	0	0	0	0	0	0
2	1	1	1	50	9	0	0	0	0	0	2	0	0
2	1	1	2	15	9	0	0	0	0	0	0	0	0
2	1	1	3	68	9	0	0	0	0	0	0	0	0
2	1	2	1	12	9	0	0	0	0	0	0	0	0
2	1	2	2	42	9	14	0	0	0	0	0	0	0
2	1	2	3	35	9	0	0	0	0	0	0	0	0
2	1	3	1	87	9	0	0	0	0	0	0	0	0
2	1	3	2	14	9	100	0	0	0	0	0	0	0
2	1	3	3	48	9	0	0	0	0	1	0	0	0
2	2	1	1	8	9	68	0	0	0	0	2	0	0
2	2	1	2	13	9	239	0	0	0	0	0	0	0
2	2	1	3	5	9	45	0	0	0	0	0	0	0
2	2	2	1	81	9	68	0	0	0	0	0	0	0
2	2	2	2	75	9	0	0	0	0	0	0	0	0
2	2	2	3	61	9	25	0	0	0	0	0	0	0
2	2	3	1	41	9	115	1	0	0	0	0	1	0
2	2	3	2	28	9	109	0	0	0	0	0	0	0
2	2	3	3	7	9	17	0	0	0	0	0	0	1
2	3	1	1	66	9	0	0	0	0	0	0	0	0
2	3	1	2	17	9	41	0	0	0	1	0	0	0
2	3	1	3	51	9	1	0	0	0	0	0	0	0
2	3	2	1	19	9	101	0	0	0	0	0	0	0
2	3	2	2	6	9	0	0	0	0	0	0	0	0
2	3	2	3	25	9	0	0	0	0	0	0	0	0
2	3	3	1	44	9	9	0	0	0	0	0	0	0
2	3	3	2	62	9	27	0	0	0	0	0	0	0
2	3	3	3	34	9	9	0	0	0	1	0	0	0
3	1	1	1	29	9	0	0	0	0	0	1	0	0
3	1	1	2	27	9	0	0	0	0	1	0	0	0
3	1	1	3	71	9	0	0	0	0	0	0	0	0
3	1	2	1	38	9	0	0	0	0	0	0	0	0
3	1	2	2	26	9	81	0	0	0	0	0	0	0
3	1	2	3	86	9	2	0	0	0	0	0	0	0
3	1	3	1	83	9	0	0	0	0	0	0	0	0
3	1	3	2	39	9	2	0	0	0	0	1	0	0
3	1	3	3	63	9	0	0	0	0	0	0	0	0
3	2	1	1	16	9	2	0	0	0	0	1	0	0
3	2	1	2	57	9	0	0	0	0	0	0	0	0
3	2	1	3	53	9	4	0	0	0	0	0	0	0
3	2	2	1	23	9	0	0	0	0	0	0	0	0
3	2	2	2	54	9	0	0	0	0	0	0	0	0
3	2	2	3	52	9	0	0	0	0	1	0	0	0
3	2	3	1	24	9	0	0	0	0	0	0	0	0
3	2	3	2	2	9	0	0	0	0	0	0	0	0
3	2	3	3	84	9	0	1	0	0	0	0	1	0
3	3	1	1	32	9	0	0	0	0	0	1	0	0
3	3	1	2	20	9	0	0	0	0	0	0	0	0
3	3	1	3	40	9	0	0	0	0	0	0	0	0
3	3	2	1	36	9	0	0	0	0	0	0	0	0
3	3	2	2	47	9	8	0	0	2	1	0	0	0
3	3	2	3	46	9	1	0	0	0	0	0	0	0
3	3	3	1	60	9	0	0	0	0	0	0	0	0
3	3	3	2	4	9	1	0	0	0	0	0	0	0
3	3	3	3	58	9	0	0	0	0	0	0	0	0
1	1	1	1	82	10	1	0	0	0	0	1	0	0
1	1	1	2	30	10	11	0	0	0	0	1	0	0
1	1	1	3	55	10	10	0	0	0	0	0	0	0
1	1	2	1	43	10	228	0	0	0	0	4	0	0
1	1	2	2	59	10	8	0	0	0	0	0	0	0
1	1	2	3	9	10	4	0	0	0	0	1	0	0
1	1	3	1	77	10	0	0	0	0	0	0	0	0
1	1	3	2	49	10	1	0	0	0	0	0	0	0
1	1	3	3	65	10	0	0	0	0	0	0	0	0
1	2	1	1	67	10	207	0	0	0	0	4	0	0
1	2	1	2	10	10	0	0	0	0	0	0	0	0
1	2	1	3	37	10	16	0	0	0	0	0	0	0
1	2	2	1	85	10	448	0	0	0	0	0	0	0
1	2	2	2	33	10	23	0	0	2	0	0	0	0
1	2	2	3	79	10	14	0	0	0	0	0	0	0
1	2	3	1	70	10	12	0	0	0	0	0	0	0
1	2	3	2	76	10	1	0	0	0	0	0	0	0
1	2	3	3	3	10	150	1	0	0	0	0	0	0
1	3	1	1	64	10	0	0	0	0	0	0	0	0
1	3	1	2	22	10	0	0	0	0	0	1	0	0
1	3	1	3	56	10	0	0	0	0	0	0	0	0
1	3	2	1	73	10	408	0	0	0	0	0	0	0
1	3	2	2	31	10	5	0	0	0	0	0	0	0
1	3	2	3	11	10	0	0	0	0	0	0	0	0
1	3	3	1	18	10	0	0	0	0	1	0	0	0
1	3	3	2	72	10	8	0	0	0	0	0	0	0
1	3	3	3	45	10	0	0	0	0	0	0	0	0
2	1	1	1	50	10	0	0	0	0	0	2	0	0
2	1	1	2	15	10	0	0	0	0	0	0	0	0
2	1	1	3	68	10	0	0	0	0	0	0	0	0
2	1	2	1	12	10	0	0	0	0	0	0	0	0
2	1	2	2	42	10	16	0	0	0	0	0	0	0
2	1	2	3	35	10	0	0	0	0	0	0	0	0
2	1	3	1	87	10	0	0	0	0	0	0	0	0
2	1	3	2	14	10	189	0	0	0	0	0	0	0
2	1	3	3	48	10	0	0	0	0	0	1	0	0
2	2	1	1	8	10	104	1	0	0	0	0	0	0
2	2	1	2	13	10	275	0	0	0	0	0	0	0
2	2	1	3	5	10	60	0	0	0	0	0	0	0
2	2	2	1	81	10	63	0	0	0	0	2	0	0
2	2	2	2	75	10	9	0	0	0	0	0	0	0
2	2	2	3	61	10	58	0	0	0	0	1	0	0
2	2	3	1	41	10	40	0	0	0	0	0	1	0
2	2	3	2	28	10	184	0	0	0	0	0	0	0
2	2	3	3	7	10	50	0	0	0	0	2	0	0
2	3	1	1	66	10	1	0	0	0	0	0	0	0
2	3	1	2	17	10	47	0	0	0	2	0	0	0
2	3	1	3	51	10	5	0	0	0	0	0	0	0
2	3	2	1	19	10	96	0	0	0	0	0	0	0
2	3	2	2	6	10	0	0	0	0	0	0	0	0
2	3	2	3	25	10	0	0	0	0	0	0	0	0
2	3	3	1	44	10	0	0	0	0	0	0	0	0
2	3	3	2	62	10	33	0	0	0	0	1	0	0
2	3	3	3	34	10	10	0	0	0	0	0	0	0
3	1	1	1	29	10	1	0	0	0	0	0	0	0
3	1	1	2	27	10	0	0	0	0	0	0	0	0
3	1	1	3	71	10	0	0	0	0	0	1	0	0
3	1	2	1	38	10	0	0	0	0	0	0	0	0
3	1	2	2	26	10	0	1	0	0	0	0	0	0
3	1	2	3	86	10	0	0	0	0	0	2	1	0
3	1	3	1	83	10	0	0	0	0	0	0	0	0
3	1	3	2	39	10	3	0	0	0	1	0	0	0
3	1	3	3	63	10	0	0	0	0	0	0	0	0
3	2	1	1	16	10	0	0	0	0	0	0	0	0
3	2	1	2	57	10	0	0	0	0	0	0	0	0
3	2	1	3	53	10	0	0	0	0	0	0	0	0
3	2	2	1	23	10	0	0	0	0	0	0	0	0
3	2	2	2	54	10	0	0	0	0	1	0	0	0
3	2	2	3	52	10	0	0	0	0	0	0	0	0
3	2	3	1	24	10	0	0	0	0	0	0	0	0
3	2	3	2	2	10	0	0	0	0	0	0	0	0
3	2	3	3	84	10	1	0	0	0	0	0	0	0
3	3	1	1	32	10	0	0	0	0	0	0	0	0
3	3	1	2	20	10	0	0	0	0	0	0	0	0
3	3	1	3	40	10	0	0	0	0	0	0	0	0
3	3	2	1	36	10	0	0	0	0	0	0	0	0
3	3	2	2	47	10	0	0	0	0	0	1	0	0
3	3	2	3	46	10	1	0	0	0	0	1	0	0
3	3	3	1	60	10	0	0	0	0	0	0	0	0
3	3	3	2	4	10	1	0	0	0	0	0	0	0
3	3	3	3	58	10	0	0	0	0	0	0	0	0
1	1	1	1	82	11	0	0	0	0	0	1	0	0
1	1	1	2	30	11	11	0	0	0	0	1	0	0
1	1	1	3	55	11	9	0	0	0	0	0	0	0
1	1	2	1	43	11	254	0	0	0	0	2	0	0
1	1	2	2	59	11	22	0	0	0	0	0	0	0
1	1	2	3	9	11	3	0	0	0	0	0	0	0
1	1	3	1	77	11	0	0	0	0	0	0	0	0
1	1	3	2	49	11	0	0	0	0	0	0	0	0
1	1	3	3	65	11	0	0	0	0	0	1	0	0
1	2	1	1	67	11	180	1	0	0	0	2	0	0
1	2	1	2	10	11	1	0	0	0	0	0	0	0
1	2	1	3	37	11	0	0	0	0	0	0	0	0
1	2	2	1	85	11	386	0	0	0	0	0	0	0
1	2	2	2	33	11	25	0	0	1	0	0	0	0
1	2	2	3	79	11	41	0	0	0	0	0	0	0
1	2	3	1	70	11	29	0	0	0	0	0	0	0
1	2	3	2	76	11	0	0	0	2	0	0	0	0
1	2	3	3	3	11	132	0	0	2	0	1	0	0
1	3	1	1	64	11	0	0	0	0	0	1	0	0
1	3	1	2	22	11	0	0	0	0	0	0	0	0
1	3	1	3	56	11	0	0	0	0	0	1	0	0
1	3	2	1	73	11	304	0	0	0	0	6	0	0
1	3	2	2	31	11	7	0	0	0	0	0	0	0
1	3	2	3	11	11	0	0	0	0	0	0	0	0
1	3	3	1	18	11	2	0	0	0	1	0	0	0
1	3	3	2	72	11	13	0	0	0	0	0	0	0
1	3	3	3	45	11	0	0	0	0	0	0	0	0
2	1	1	1	50	11	0	0	0	0	0	1	0	0
2	1	1	2	15	11	0	0	0	0	0	0	0	0
2	1	1	3	68	11	0	0	0	0	0	0	0	0
2	1	2	1	12	11	0	0	0	0	0	0	0	0
2	1	2	2	42	11	26	0	0	0	0	0	0	0
2	1	2	3	35	11	0	0	0	0	0	0	0	0
2	1	3	1	87	11	0	0	0	0	0	0	0	0
2	1	3	2	14	11	257	0	0	0	0	3	0	0
2	1	3	3	48	11	0	0	0	0	0	0	0	0
2	2	1	1	8	11	82	0	0	1	0	0	0	0
2	2	1	2	13	11	167	0	0	0	0	3	0	0
2	2	1	3	5	11	101	0	0	0	0	0	0	0
2	2	2	1	81	11	77	0	0	0	0	0	0	0
2	2	2	2	75	11	15	0	0	0	0	0	0	0
2	2	2	3	61	11	52	0	0	0	0	0	0	0
2	2	3	1	41	11	4	0	0	0	0	0	1	0
2	2	3	2	28	11	193	0	0	0	0	2	0	0
2	2	3	3	7	11	42	0	0	0	0	0	0	0
2	3	1	1	66	11	0	0	0	0	0	0	0	0
2	3	1	2	17	11	61	0	0	0	1	3	0	0
2	3	1	3	51	11	15	0	0	0	0	1	0	0
2	3	2	1	19	11	0	0	0	0	0	0	1	0
2	3	2	2	6	11	0	0	0	0	0	0	0	0
2	3	2	3	25	11	0	0	0	0	0	0	0	0
2	3	3	1	44	11	16	0	0	0	0	1	0	0
2	3	3	2	62	11	27	0	0	0	0	0	0	0
2	3	3	3	34	11	20	0	0	0	0	0	0	0
3	1	1	1	29	11	0	0	0	0	0	1	0	0
3	1	1	2	27	11	0	0	0	0	0	0	0	0
3	1	1	3	71	11	0	0	0	0	0	0	0	0
3	1	2	1	38	11	0	0	0	0	0	0	0	0
3	1	2	2	26	11	1	0	0	0	0	0	0	0
3	1	2	3	86	11	1	0	0	0	0	0	0	0
3	1	3	1	83	11	0	0	0	0	0	0	0	0
3	1	3	2	39	11	0	0	0	0	0	0	0	0
3	1	3	3	63	11	0	0	0	0	0	0	0	0
3	2	1	1	16	11	0	0	0	0	0	0	0	0
3	2	1	2	57	11	0	0	0	0	0	0	0	0
3	2	1	3	53	11	0	0	0	0	0	0	0	0
3	2	2	1	23	11	0	0	0	0	0	0	0	0
3	2	2	2	54	11	0	0	0	0	0	0	0	0
3	2	2	3	52	11	0	0	0	0	0	1	0	0
3	2	3	1	24	11	0	0	0	0	0	0	0	0
3	2	3	2	2	11	0	0	0	0	0	0	0	0
3	2	3	3	84	11	3	0	0	0	0	0	0	0
3	3	1	1	32	11	0	0	0	0	0	0	0	0
3	3	1	2	20	11	0	0	0	0	0	0	0	0
3	3	1	3	40	11	0	0	0	0	0	0	0	0
3	3	2	1	36	11	0	0	0	0	0	0	0	0
3	3	2	2	47	11	0	0	0	0	0	0	0	0
3	3	2	3	46	11	0	0	0	0	0	0	0	0
3	3	3	1	60	11	0	0	0	0	0	0	0	0
3	3	3	2	4	11	0	0	0	0	0	0	0	0
3	3	3	3	58	11	0	0	0	0	0	0	0	0
1	1	1	1	82	14	11	0	0	0	0	0	0	0
1	1	1	2	30	14	0	0	0	0	0	0	0	0
1	1	1	3	55	14	2	0	0	0	0	0	0	0
1	1	2	1	43	14	2	0	0	0	0	0	0	0
1	1	2	2	59	14	9	0	0	0	0	0	0	0
1	1	2	3	9	14	0	0	0	0	0	0	0	0
1	1	3	1	69	14	0	0	0	0	0	0	0	0
1	1	3	2	49	14	2	0	0	0	0	0	0	0
1	1	3	3	65	14	0	1	0	0	0	0	0	0
1	2	1	1	67	14	113	0	0	0	0	2	1	0
1	2	1	2	10	14	27	1	0	0	1	0	0	0
1	2	1	3	37	14	13	0	0	0	0	0	0	0
1	2	2	1	85	14	114	0	0	0	0	3	0	0
1	2	2	2	33	14	63	0	0	0	0	0	0	0
1	2	2	3	79	14	101	0	0	0	0	0	0	0
1	2	3	1	70	14	32	0	0	0	0	0	0	0
1	2	3	2	76	14	9	1	0	0	0	0	0	0
1	2	3	3	3	14	60	2	0	1	0	0	0	0
1	3	1	1	64	14	0	0	0	0	0	1	0	0
1	3	1	2	22	14	7	0	0	0	0	0	0	0
1	3	1	3	56	14	0	0	0	0	0	0	0	0
1	3	2	1	73	14	263	2	0	0	0	4	0	0
1	3	2	2	31	14	49	0	0	0	0	0	0	0
1	3	2	3	11	14	16	0	0	0	0	0	0	0
1	3	3	1	18	14	9	0	0	0	1	0	0	0
1	3	3	2	72	14	9	0	0	0	0	1	0	0
1	3	3	3	45	14	0	0	0	0	0	0	0	0
2	1	1	1	50	14	0	0	0	0	0	0	0	0
2	1	1	2	15	14	0	0	0	0	0	0	0	0
2	1	1	3	68	14	0	0	0	0	0	0	0	0
2	1	2	1	12	14	4	0	0	0	0	0	0	0
2	1	2	2	42	14	56	0	0	0	0	0	0	0
2	1	2	3	35	14	0	0	0	0	0	0	0	0
2	1	3	1	87	14	0	0	0	0	0	0	0	0
2	1	3	2	14	14	2	0	0	0	0	0	1	0
2	1	3	3	48	14	0	0	0	0	0	0	0	0
2	2	1	1	8	14	88	0	0	1	0	2	0	0
2	2	1	2	13	14	211	0	0	0	0	0	0	0
2	2	1	3	5	14	176	0	0	0	0	0	0	0
2	2	2	1	81	14	106	1	0	0	0	0	0	0
2	2	2	2	75	14	15	0	0	0	0	3	0	0
2	2	2	3	61	14	53	0	0	0	0	0	0	0
2	2	3	1	41	14	6	1	0	0	0	1	0	0
2	2	3	2	28	14	154	0	0	0	1	0	0	0
2	2	3	3	7	14	68	0	0	0	0	0	0	0
2	3	1	1	66	14	0	0	0	0	0	0	0	0
2	3	1	2	17	14	60	0	0	0	1	1	0	0
2	3	1	3	51	14	0	0	0	0	0	0	0	0
2	3	2	1	19	14	2	0	0	0	0	0	0	0
2	3	2	2	6	14	0	0	0	0	0	0	0	0
2	3	2	3	25	14	0	0	0	0	0	0	0	0
2	3	3	1	44	14	38	0	0	0	0	0	0	0
2	3	3	2	62	14	4	0	0	0	0	0	0	0
2	3	3	3	34	14	0	0	0	0	1	0	0	1
3	1	1	1	29	14	0	0	0	0	0	0	0	0
3	1	1	2	27	14	0	0	0	0	0	0	0	0
3	1	1	3	71	14	0	0	0	0	1	0	0	0
3	1	2	1	38	14	16	0	0	0	0	0	0	0
3	1	2	2	26	14	15	0	0	0	0	0	0	0
3	1	2	3	86	14	13	0	0	0	0	0	0	0
3	1	3	1	83	14	3	0	0	0	0	0	0	0
3	1	3	2	39	14	0	0	0	0	0	0	0	0
3	1	3	3	63	14	0	0	0	0	0	0	0	0
3	2	1	1	16	14	0	0	0	0	0	0	0	0
3	2	1	2	57	14	0	0	0	0	0	0	0	0
3	2	1	3	53	14	0	0	0	0	0	0	0	0
3	2	2	1	23	14	0	0	0	0	0	0	0	0
3	2	2	2	54	14	9	0	0	0	0	0	0	0
3	2	2	3	52	14	7	0	0	0	1	0	0	0
3	2	3	1	24	14	1	0	0	0	0	0	0	0
3	2	3	2	2	14	0	0	0	0	0	0	0	0
3	2	3	3	84	14	17	0	0	0	0	0	0	0
3	3	1	1	32	14	0	0	0	0	0	0	0	0
3	3	1	2	20	14	0	0	0	0	0	0	0	0
3	3	1	3	40	14	0	0	0	0	0	0	0	0
3	3	2	1	36	14	0	0	0	0	1	0	0	0
3	3	2	2	47	14	0	0	0	0	0	0	0	0
3	3	2	3	46	14	3	0	0	0	0	0	0	0
3	3	3	1	60	14	0	0	0	0	0	0	0	0
3	3	3	2	4	14	0	0	0	0	0	0	0	0
3	3	3	3	58	14	0	0	0	0	0	0	0	0
1	1	1	1	82	15	2	0	0	0	0	0	0	0
1	1	1	2	30	15	0	0	0	0	0	0	0	0
1	1	1	3	55	15	4	0	0	0	0	0	0	0
1	1	2	1	43	15	0	0	0	0	0	0	0	0
1	1	2	2	59	15	24	0	0	0	0	0	0	0
1	1	2	3	9	15	0	0	0	0	0	0	0	0
1	1	3	1	69	15	0	0	0	0	0	0	0	0
1	1	3	2	49	15	0	0	0	0	0	0	0	0
1	1	3	3	65	15	0	0	0	0	0	1	0	0
1	2	1	1	67	15	17	0	0	0	0	1	0	0
1	2	1	2	10	15	4	0	0	0	1	0	0	0
1	2	1	3	37	15	16	0	0	0	0	0	0	0
1	2	2	1	85	15	262	1	0	0	0	6	0	0
1	2	2	2	33	15	98	1	0	0	0	1	0	0
1	2	2	3	79	15	136	0	0	0	0	0	0	0
1	2	3	1	70	15	1	1	0	0	0	0	0	0
1	2	3	2	76	15	1	0	0	0	0	0	0	0
1	2	3	3	3	15	0	1	0	1	0	0	0	0
1	3	1	1	64	15	0	0	0	0	0	0	0	0
1	3	1	2	22	15	7	0	0	0	0	0	0	0
1	3	1	3	56	15	0	0	0	0	0	0	0	0
1	3	2	1	73	15	227	1	0	0	0	0	0	0
1	3	2	2	31	15	55	0	0	0	0	0	0	0
1	3	2	3	11	15	24	0	0	0	0	0	0	0
1	3	3	1	18	15	0	0	0	0	1	0	1	0
1	3	3	2	72	15	11	0	0	0	0	0	0	0
1	3	3	3	45	15	0	0	0	0	1	0	0	0
2	1	1	1	50	15	0	0	0	0	0	0	0	0
2	1	1	2	15	15	0	0	0	0	0	0	0	0
2	1	1	3	68	15	0	0	0	0	0	0	0	0
2	1	2	1	12	15	8	0	0	0	0	0	0	0
2	1	2	2	42	15	9	0	0	0	0	0	0	0
2	1	2	3	35	15	0	0	0	0	0	0	0	0
2	1	3	1	87	15	0	0	0	0	0	0	0	0
2	1	3	2	14	15	0	0	0	0	0	0	0	0
2	1	3	3	48	15	0	0	0	0	1	0	0	0
2	2	1	1	8	15	68	0	0	1	0	0	0	0
2	2	1	2	13	15	133	0	0	0	0	2	0	0
2	2	1	3	5	15	244	0	0	0	0	2	0	0
2	2	2	1	81	15	66	1	0	0	1	2	0	0
2	2	2	2	75	15	24	0	0	0	0	0	0	0
2	2	2	3	61	15	45	0	0	0	1	1	0	0
2	2	3	1	41	15	13	0	0	0	0	1	0	0
2	2	3	2	28	15	54	1	0	0	0	0	0	0
2	2	3	3	7	15	98	0	0	0	0	0	0	0
2	3	1	1	66	15	0	0	0	0	0	0	0	0
2	3	1	2	17	15	80	0	0	0	1	1	0	0
2	3	1	3	51	15	0	0	0	0	1	0	0	0
2	3	2	1	19	15	0	0	0	0	0	0	0	0
2	3	2	2	6	15	0	0	0	0	0	0	0	0
2	3	2	3	25	15	0	0	0	0	0	0	0	0
2	3	3	1	44	15	60	0	0	0	0	0	0	0
2	3	3	2	62	15	7	0	0	0	0	0	0	0
2	3	3	3	34	15	0	0	0	0	1	0	0	1
3	1	1	1	29	15	0	0	0	0	0	1	0	0
3	1	1	2	27	15	0	0	0	0	0	0	0	0
3	1	1	3	71	15	0	0	0	0	1	0	0	0
3	1	2	1	38	15	1	0	0	0	0	0	0	0
3	1	2	2	26	15	46	0	0	0	0	0	1	0
3	1	2	3	86	15	8	0	0	0	0	0	0	0
3	1	3	1	83	15	1	0	0	0	0	0	0	0
3	1	3	2	39	15	0	0	0	0	1	0	0	0
3	1	3	3	63	15	8	0	0	0	0	0	0	0
3	2	1	1	16	15	0	0	0	0	1	0	0	0
3	2	1	2	57	15	0	0	0	0	0	0	0	0
3	2	1	3	53	15	0	0	0	0	0	0	0	0
3	2	2	1	23	15	0	0	0	0	0	0	0	0
3	2	2	2	54	15	18	0	0	0	0	0	0	0
3	2	2	3	52	15	9	0	0	0	0	0	0	0
3	2	3	1	24	15	0	0	0	0	1	0	0	0
3	2	3	2	2	15	0	0	0	0	0	0	0	0
3	2	3	3	84	15	27	0	0	0	0	0	0	0
3	3	1	1	32	15	0	0	0	0	0	0	0	0
3	3	1	2	20	15	0	0	0	0	0	0	0	0
3	3	1	3	40	15	0	0	0	0	0	0	0	0
3	3	2	1	36	15	0	0	0	0	1	0	0	0
3	3	2	2	47	15	0	0	0	0	0	0	0	0
3	3	2	3	46	15	0	0	0	0	0	0	0	0
3	3	3	1	60	15	0	0	0	0	0	0	0	0
3	3	3	2	4	15	0	0	0	0	0	0	0	0
3	3	3	3	58	15	0	0	0	0	0	0	0	0
1	1	1	1	82	16	2	0	0	0	0	0	0	0
1	1	1	2	30	16	0	0	0	0	0	0	0	0
1	1	1	3	55	16	2	0	0	0	0	0	0	0
1	1	2	1	43	16	0	0	0	0	0	0	0	0
1	1	2	2	59	16	29	0	0	0	0	0	0	0
1	1	2	3	9	16	0	0	0	0	0	0	0	0
1	1	3	1	69	16	0	0	0	0	0	0	0	0
1	1	3	2	49	16	0	0	0	0	0	0	0	0
1	1	3	3	65	16	0	0	0	0	0	0	0	0
1	2	1	1	67	16	3	0	0	0	0	0	0	0
1	2	1	2	10	16	0	1	0	0	0	0	0	0
1	2	1	3	37	16	7	0	0	0	0	0	0	0
1	2	2	1	85	16	252	2	0	0	0	0	0	0
1	2	2	2	33	16	83	0	0	0	0	0	1	0
1	2	2	3	79	16	13	0	0	0	0	0	0	0
1	2	3	1	70	16	2	0	0	0	0	0	0	0
1	2	3	2	76	16	7	0	0	0	0	0	0	0
1	2	3	3	3	16	0	0	0	1	0	0	0	0
1	3	1	1	64	16	0	0	0	0	0	0	0	0
1	3	1	2	22	16	6	0	0	0	0	0	0	0
1	3	1	3	56	16	0	0	0	0	0	0	0	0
1	3	2	1	73	16	271	1	0	0	0	3	0	0
1	3	2	2	31	16	47	1	0	0	1	0	0	0
1	3	2	3	11	16	12	0	0	0	0	0	0	0
1	3	3	1	18	16	7	0	0	0	0	0	0	0
1	3	3	2	72	16	9	0	0	0	0	0	0	0
1	3	3	3	45	16	0	0	0	0	0	0	0	0
2	1	1	1	50	16	0	0	0	0	0	0	0	0
2	1	1	2	15	16	0	0	0	0	0	0	0	0
2	1	1	3	68	16	0	0	0	0	0	0	0	0
2	1	2	1	12	16	8	0	0	0	0	0	0	0
2	1	2	2	42	16	18	0	0	0	0	0	0	0
2	1	2	3	35	16	0	0	0	0	0	0	0	0
2	1	3	1	87	16	0	0	0	0	0	0	0	0
2	1	3	2	14	16	0	0	0	0	0	0	0	0
2	1	3	3	48	16	0	0	0	0	0	1	0	0
2	2	1	1	8	16	67	0	1	0	0	0	0	0
2	2	1	2	13	16	138	0	0	0	0	0	0	0
2	2	1	3	5	16	235	0	0	0	0	2	0	0
2	2	2	1	81	16	48	0	0	0	0	2	0	0
2	2	2	2	75	16	0	1	0	0	0	0	0	0
2	2	2	3	61	16	46	0	0	0	0	0	0	0
2	2	3	1	41	16	12	0	0	0	1	0	0	0
2	2	3	2	28	16	73	1	0	0	0	0	0	0
2	2	3	3	7	16	97	0	0	0	0	0	0	0
2	3	1	1	66	16	0	0	0	0	0	0	0	0
2	3	1	2	17	16	102	0	0	0	1	2	0	0
2	3	1	3	51	16	0	0	0	0	0	0	0	0
2	3	2	1	19	16	8	0	0	0	1	0	0	0
2	3	2	2	6	16	0	0	0	0	0	0	0	0
2	3	2	3	25	16	0	0	0	0	0	0	0	0
2	3	3	1	44	16	62	0	0	0	0	1	0	0
2	3	3	2	62	16	9	0	0	0	0	0	0	0
2	3	3	3	34	16	0	0	0	0	1	0	0	1
3	1	1	1	29	16	0	0	0	0	0	0	0	0
3	1	1	2	27	16	0	0	0	0	0	0	0	0
3	1	1	3	71	16	0	0	0	0	1	0	0	0
3	1	2	1	38	16	12	0	0	0	0	0	1	0
3	1	2	2	26	16	9	0	0	0	0	0	0	0
3	1	2	3	86	16	14	0	0	0	0	1	0	0
3	1	3	1	83	16	2	0	0	0	0	0	0	0
3	1	3	2	39	16	0	0	0	0	0	0	0	0
3	1	3	3	63	16	12	0	0	0	0	0	0	0
3	2	1	1	16	16	0	0	0	0	0	0	0	0
3	2	1	2	57	16	0	0	0	0	0	0	0	0
3	2	1	3	53	16	0	0	0	0	0	0	0	0
3	2	2	1	23	16	0	0	0	0	0	0	0	0
3	2	2	2	54	16	11	0	0	0	0	0	0	0
3	2	2	3	52	16	12	0	0	0	0	0	0	0
3	2	3	1	24	16	0	0	0	0	1	0	0	0
3	2	3	2	2	16	0	0	0	0	0	0	0	0
3	2	3	3	84	16	34	0	0	0	0	0	0	0
3	3	1	1	32	16	0	0	0	0	0	0	0	0
3	3	1	2	20	16	0	0	0	0	0	0	0	0
3	3	1	3	40	16	0	0	0	0	0	0	0	0
3	3	2	1	36	16	0	0	0	0	0	0	0	0
3	3	2	2	47	16	0	0	0	0	0	0	0	0
3	3	2	3	46	16	7	0	0	0	0	0	0	0
3	3	3	1	60	16	0	0	0	0	0	0	0	0
3	3	3	2	4	16	0	0	0	0	0	0	0	0
3	3	3	3	58	16	0	0	0	0	0	0	0	0
1	1	1	1	82	17	0	0	0	0	0	0	0	0
1	1	1	2	30	17	0	0	0	0	0	0	0	0
1	1	1	3	55	17	5	0	0	0	0	0	0	0
1	1	2	1	43	17	0	0	0	0	0	1	0	0
1	1	2	2	59	17	20	0	0	0	0	0	0	0
1	1	2	3	9	17	0	0	0	0	0	0	0	0
1	1	3	1	69	17	0	0	0	0	0	1	0	0
1	1	3	2	49	17	0	0	0	0	0	0	0	0
1	1	3	3	65	17	0	0	0	0	0	0	0	0
1	2	1	1	67	17	10	0	0	0	0	0	0	0
1	2	1	2	10	17	0	0	0	0	0	0	0	0
1	2	1	3	37	17	8	0	0	0	0	0	0	0
1	2	2	1	85	17	40	2	0	0	0	0	0	0
1	2	2	2	33	17	10	1	0	0	0	0	0	0
1	2	2	3	79	17	17	0	0	0	0	0	0	0
1	2	3	1	70	17	6	0	0	0	0	0	0	0
1	2	3	2	76	17	8	0	0	0	0	0	0	0
1	2	3	3	3	17	2	0	1	0	0	0	0	0
1	3	1	1	64	17	0	0	0	0	0	0	0	0
1	3	1	2	22	17	5	0	0	0	0	2	0	0
1	3	1	3	56	17	0	0	0	0	0	0	0	0
1	3	2	1	73	17	97	1	0	0	0	0	0	0
1	3	2	2	31	17	62	1	0	0	0	2	0	0
1	3	2	3	11	17	1	0	0	0	0	0	0	0
1	3	3	1	18	17	14	0	0	0	1	0	0	0
1	3	3	2	72	17	10	0	0	0	0	0	0	0
1	3	3	3	45	17	0	0	0	0	0	0	0	0
2	1	1	1	50	17	0	0	0	0	0	0	0	0
2	1	1	2	15	17	4	0	0	0	0	0	0	0
2	1	1	3	68	17	0	0	0	0	0	0	0	0
2	1	2	1	12	17	6	0	0	0	0	0	0	0
2	1	2	2	42	17	22	0	0	0	0	0	0	0
2	1	2	3	35	17	0	0	0	0	0	0	0	0
2	1	3	1	87	17	0	0	0	0	0	0	0	0
2	1	3	2	14	17	0	0	0	0	0	0	0	0
2	1	3	3	48	17	0	0	0	0	0	1	0	0
2	2	1	1	8	17	52	0	1	0	0	2	0	0
2	2	1	2	13	17	86	0	0	0	0	0	0	0
2	2	1	3	5	17	132	0	0	0	0	0	0	0
2	2	2	1	81	17	36	0	0	0	0	2	0	0
2	2	2	2	75	17	0	0	0	0	0	0	0	0
2	2	2	3	61	17	5	1	0	0	0	0	0	0
2	2	3	1	41	17	20	0	0	0	1	0	0	0
2	2	3	2	28	17	18	1	0	0	0	0	0	0
2	2	3	3	7	17	129	0	0	0	0	0	0	0
2	3	1	1	66	17	0	0	0	0	0	0	0	0
2	3	1	2	17	17	99	0	0	0	2	1	0	0
2	3	1	3	51	17	2	0	0	0	0	0	0	0
2	3	2	1	19	17	14	0	0	0	2	0	0	0
2	3	2	2	6	17	0	0	0	0	0	0	0	0
2	3	2	3	25	17	0	0	0	0	0	0	0	0
2	3	3	1	44	17	82	0	0	0	0	0	0	0
2	3	3	2	62	17	18	0	0	0	0	0	0	0
2	3	3	3	34	17	0	0	0	0	0	0	0	1
3	1	1	1	29	17	0	0	0	0	0	0	0	0
3	1	1	2	27	17	0	0	0	0	0	0	0	0
3	1	1	3	71	17	0	0	0	0	0	0	0	0
3	1	2	1	38	17	1	0	0	0	0	0	1	0
3	1	2	2	26	17	4	0	0	0	0	0	0	0
3	1	2	3	86	17	12	0	0	0	0	0	0	0
3	1	3	1	83	17	1	0	0	0	0	0	0	0
3	1	3	2	39	17	0	0	0	0	0	0	0	0
3	1	3	3	63	17	15	0	0	0	0	0	0	0
3	2	1	1	16	17	0	0	0	0	0	1	0	0
3	2	1	2	57	17	0	0	0	0	0	0	0	0
3	2	1	3	53	17	0	0	0	0	0	0	0	0
3	2	2	1	23	17	0	0	0	0	0	0	0	0
3	2	2	2	54	17	0	0	0	0	0	1	0	0
3	2	2	3	52	17	0	0	0	0	0	0	0	0
3	2	3	1	24	17	0	0	0	0	0	0	0	0
3	2	3	2	2	17	0	0	0	0	0	0	0	0
3	2	3	3	84	17	33	0	0	0	0	0	0	0
3	3	1	1	32	17	0	0	0	0	0	0	0	0
3	3	1	2	20	17	0	0	0	0	0	0	0	0
3	3	1	3	40	17	0	0	0	0	0	0	0	0
3	3	2	1	36	17	0	0	0	0	1	0	0	0
3	3	2	2	47	17	0	0	0	0	0	0	0	0
3	3	2	3	46	17	8	0	0	0	0	0	0	0
3	3	3	1	60	17	0	0	0	0	0	0	0	0
3	3	3	2	4	17	0	0	0	0	0	0	0	0
3	3	3	3	58	17	0	0	0	0	1	0	0	0
1	1	1	1	82	18	8	0	0	0	0	0	0	0
1	1	1	2	30	18	0	0	0	0	0	0	0	0
1	1	1	3	55	18	1	0	0	0	0	0	0	0
1	1	2	1	43	18	1	0	0	0	0	0	0	0
1	1	2	2	59	18	24	0	0	0	0	0	0	0
1	1	2	3	9	18	3	0	0	0	0	0	0	0
1	1	3	1	69	18	0	0	0	0	0	0	0	0
1	1	3	2	49	18	0	0	0	0	0	0	0	0
1	1	3	3	65	18	0	0	0	0	0	0	0	0
1	2	1	1	67	18	1	0	0	0	0	2	0	0
1	2	1	2	10	18	1	0	0	0	0	0	0	0
1	2	1	3	37	18	2	0	0	0	0	0	0	0
1	2	2	1	85	18	3	0	0	0	0	2	0	0
1	2	2	2	33	18	3	0	0	0	0	0	0	0
1	2	2	3	79	18	0	0	0	0	0	0	0	0
1	2	3	1	70	18	7	0	0	0	0	0	0	0
1	2	3	2	76	18	0	0	0	0	0	1	0	0
1	2	3	3	3	18	0	0	1	0	0	0	0	0
1	3	1	1	64	18	0	0	0	0	0	0	0	0
1	3	1	2	22	18	6	0	0	0	0	0	0	0
1	3	1	3	56	18	2	0	0	0	0	0	0	0
1	3	2	1	73	18	99	1	0	0	0	2	0	0
1	3	2	2	31	18	38	1	0	0	0	0	0	0
1	3	2	3	11	18	11	0	0	0	0	0	0	0
1	3	3	1	18	18	17	0	0	0	0	2	0	0
1	3	3	2	72	18	0	0	0	0	0	0	0	0
1	3	3	3	45	18	0	0	0	0	0	0	0	0
2	1	1	1	50	18	0	0	0	0	0	0	1	0
2	1	1	2	15	18	1	0	0	0	0	0	0	0
2	1	1	3	68	18	0	0	0	0	0	0	0	0
2	1	2	1	12	18	3	0	0	0	0	0	0	0
2	1	2	2	42	18	2	0	0	0	0	0	0	0
2	1	2	3	35	18	1	0	0	0	0	0	0	0
2	1	3	1	87	18	0	0	0	0	0	0	0	0
2	1	3	2	14	18	0	0	0	0	0	0	0	0
2	1	3	3	48	18	0	0	0	0	0	0	0	0
2	2	1	1	8	18	23	2	0	0	0	0	0	0
2	2	1	2	13	18	0	1	0	0	0	0	0	0
2	2	1	3	5	18	74	0	0	0	0	0	0	0
2	2	2	1	81	18	13	0	0	0	0	2	0	0
2	2	2	2	75	18	0	0	0	0	0	0	0	0
2	2	2	3	61	18	0	1	0	0	0	0	0	0
2	2	3	1	41	18	11	0	0	0	0	0	0	0
2	2	3	2	28	18	16	0	0	0	0	0	0	0
2	2	3	3	7	18	150	0	0	0	0	2	0	0
2	3	1	1	66	18	0	0	0	0	0	0	0	0
2	3	1	2	17	18	106	0	0	0	2	1	0	0
2	3	1	3	51	18	1	0	0	0	0	0	0	0
2	3	2	1	19	18	3	0	0	0	0	0	0	0
2	3	2	2	6	18	0	0	0	0	0	0	0	0
2	3	2	3	25	18	0	0	0	0	0	0	0	0
2	3	3	1	44	18	83	0	0	0	0	0	0	0
2	3	3	2	62	18	9	0	0	0	0	0	0	0
2	3	3	3	34	18	0	0	0	1	0	0	0	0
3	1	1	1	29	18	0	0	0	0	0	1	0	0
3	1	1	2	27	18	0	0	0	0	0	0	0	0
3	1	1	3	71	18	3	0	0	0	0	0	0	0
3	1	2	1	38	18	2	0	0	0	0	0	0	0
3	1	2	2	26	18	10	0	0	0	0	0	0	0
3	1	2	3	86	18	21	0	0	0	0	1	0	0
3	1	3	1	83	18	1	0	0	0	0	0	0	0
3	1	3	2	39	18	0	0	0	0	0	0	0	0
3	1	3	3	63	18	12	0	0	0	0	0	0	0
3	2	1	1	16	18	0	0	0	0	0	0	0	0
3	2	1	2	57	18	0	0	0	0	0	0	0	0
3	2	1	3	53	18	0	0	0	0	0	0	0	0
3	2	2	1	23	18	0	0	0	0	0	0	0	0
3	2	2	2	54	18	4	0	0	0	1	0	0	0
3	2	2	3	52	18	0	0	0	0	0	0	0	0
3	2	3	1	24	18	4	0	0	0	0	0	0	0
3	2	3	2	2	18	0	0	0	0	1	0	0	0
3	2	3	3	84	18	38	0	0	0	0	0	0	0
3	3	1	1	32	18	0	0	0	0	0	0	0	0
3	3	1	2	20	18	0	0	0	0	0	0	0	0
3	3	1	3	40	18	0	0	0	0	0	0	0	0
3	3	2	1	36	18	0	0	0	0	0	0	0	0
3	3	2	2	47	18	0	0	0	0	0	0	0	0
3	3	2	3	46	18	0	0	0	0	0	0	0	0
3	3	3	1	60	18	0	0	0	0	0	0	0	0
3	3	3	2	4	18	0	0	0	0	0	0	0	0
3	3	3	3	58	18	0	0	0	0	0	0	0	0
1	1	1	1	82	19	6	0	0	0	0	1	0	0
1	1	1	2	30	19	0	0	0	0	0	0	0	0
1	1	1	3	55	19	0	0	0	0	0	0	0	0
1	1	2	1	43	19	1	0	0	0	0	0	0	0
1	1	2	2	59	19	27	0	0	0	0	0	0	0
1	1	2	3	9	19	5	0	0	0	0	0	0	0
1	1	3	1	69	19	0	0	0	0	0	1	0	0
1	1	3	2	49	19	0	0	0	0	0	0	0	0
1	1	3	3	65	19	0	0	0	0	0	0	0	0
1	2	1	1	67	19	0	0	0	0	0	1	0	0
1	2	1	2	10	19	0	0	0	0	0	0	0	0
1	2	1	3	37	19	2	0	0	0	0	0	0	0
1	2	2	1	85	19	3	0	0	0	0	0	0	0
1	2	2	2	33	19	1	0	0	0	0	1	0	0
1	2	2	3	79	19	1	0	0	0	0	0	0	0
1	2	3	1	70	19	13	0	0	0	0	0	0	0
1	2	3	2	76	19	0	0	0	0	0	0	0	0
1	2	3	3	3	19	1	0	1	0	0	0	0	0
1	3	1	1	64	19	0	0	0	0	0	0	0	0
1	3	1	2	22	19	7	0	0	0	0	0	0	0
1	3	1	3	56	19	0	0	0	0	0	0	0	0
1	3	2	1	73	19	24	2	0	0	0	1	0	0
1	3	2	2	31	19	7	0	0	0	0	0	0	0
1	3	2	3	11	19	3	0	0	0	0	0	0	0
1	3	3	1	18	19	1	0	0	0	1	0	0	0
1	3	3	2	72	19	1	0	0	0	0	1	0	0
1	3	3	3	45	19	0	0	0	0	0	0	0	0
2	1	1	1	50	19	0	0	0	0	1	0	0	0
2	1	1	2	15	19	0	0	0	0	0	0	0	0
2	1	1	3	68	19	0	0	0	0	0	0	0	0
2	1	2	1	12	19	1	0	0	0	0	0	0	0
2	1	2	2	42	19	2	0	0	0	0	0	0	0
2	1	2	3	35	19	0	0	0	0	0	0	0	0
2	1	3	1	87	19	0	0	0	0	0	0	0	0
2	1	3	2	14	19	0	0	0	0	0	0	0	0
2	1	3	3	48	19	0	0	0	0	0	0	0	0
2	2	1	1	8	19	3	0	1	0	0	0	0	0
2	2	1	2	13	19	1	0	0	0	1	0	0	0
2	2	1	3	5	19	29	2	0	0	0	0	0	0
2	2	2	1	81	19	7	1	0	0	0	0	0	0
2	2	2	2	75	19	0	0	0	0	0	0	0	0
2	2	2	3	61	19	1	0	0	0	0	0	0	0
2	2	3	1	41	19	27	0	0	0	0	0	0	0
2	2	3	2	28	19	19	0	0	0	0	1	0	0
2	2	3	3	7	19	127	0	0	0	0	2	0	0
2	3	1	1	66	19	0	0	0	0	0	0	0	0
2	3	1	2	17	19	123	0	0	0	2	1	0	0
2	3	1	3	51	19	16	0	0	0	0	0	0	0
2	3	2	1	19	19	1	0	0	0	0	0	0	0
2	3	2	2	6	19	0	0	0	0	0	0	0	0
2	3	2	3	25	19	0	0	0	0	0	0	0	0
2	3	3	1	44	19	75	0	0	0	0	0	0	0
2	3	3	2	62	19	0	1	0	0	0	0	0	0
2	3	3	3	34	19	0	0	0	0	0	0	0	0
3	1	1	1	29	19	0	0	0	0	0	0	0	0
3	1	1	2	27	19	0	0	0	0	0	0	0	0
3	1	1	3	71	19	1	0	0	0	0	0	0	0
3	1	2	1	38	19	8	0	0	0	0	0	0	0
3	1	2	2	26	19	14	0	0	0	0	0	0	0
3	1	2	3	86	19	27	0	0	0	0	0	0	0
3	1	3	1	83	19	5	0	0	0	0	0	0	0
3	1	3	2	39	19	0	0	0	0	0	1	0	0
3	1	3	3	63	19	7	0	0	0	0	0	0	0
3	2	1	1	16	19	0	0	0	0	1	0	0	0
3	2	1	2	57	19	0	0	0	0	0	0	0	0
3	2	1	3	53	19	0	0	0	0	0	0	0	0
3	2	2	1	23	19	0	0	0	0	0	0	0	0
3	2	2	2	54	19	2	0	0	0	0	1	0	0
3	2	2	3	52	19	1	0	0	0	0	0	0	0
3	2	3	1	24	19	8	0	0	0	0	0	0	0
3	2	3	2	2	19	0	0	0	0	0	0	0	0
3	2	3	3	84	19	44	0	0	0	0	0	0	0
3	3	1	1	32	19	0	0	0	0	0	0	0	0
3	3	1	2	20	19	0	0	0	0	0	0	0	0
3	3	1	3	40	19	0	0	0	0	0	0	0	0
3	3	2	1	36	19	0	0	0	0	0	0	0	0
3	3	2	2	47	19	0	0	0	0	0	0	0	0
3	3	2	3	46	19	0	0	0	0	0	0	0	0
3	3	3	1	60	19	0	0	0	0	0	0	0	0
3	3	3	2	4	19	0	0	0	0	0	0	0	0
3	3	3	3	58	19	0	0	0	0	0	0	0	0
1	1	1	1	82	20	1	0	0	0	0	0	0	0
1	1	1	2	30	20	0	0	0	0	0	0	0	0
1	1	1	3	55	20	0	0	0	0	0	0	0	0
1	1	2	1	43	20	0	0	0	0	0	0	0	0
1	1	2	2	59	20	25	0	0	0	0	0	0	0
1	1	2	3	9	20	9	0	0	0	0	0	0	0
1	1	3	1	69	20	0	0	0	0	0	0	0	0
1	1	3	2	49	20	0	0	0	0	0	0	0	0
1	1	3	3	65	20	0	0	0	0	0	0	0	0
1	2	1	1	67	20	7	0	0	0	0	0	0	0
1	2	1	2	10	20	3	0	0	0	0	0	0	0
1	2	1	3	37	20	13	0	0	0	0	0	0	0
1	2	2	1	85	20	1	0	0	0	0	0	0	0
1	2	2	2	33	20	0	0	0	0	0	0	0	0
1	2	2	3	79	20	1	0	0	0	0	0	0	0
1	2	3	1	70	20	8	0	0	0	0	0	0	0
1	2	3	2	76	20	1	0	0	0	0	2	0	0
1	2	3	3	3	20	4	0	1	0	0	0	0	0
1	3	1	1	64	20	0	0	0	0	0	1	0	0
1	3	1	2	22	20	7	0	0	0	0	0	0	0
1	3	1	3	56	20	1	0	0	0	0	0	0	0
1	3	2	1	73	20	1	0	0	0	0	0	0	0
1	3	2	2	31	20	0	1	0	0	0	0	0	0
1	3	2	3	11	20	4	0	0	0	0	1	0	0
1	3	3	1	18	20	0	0	0	0	0	0	0	0
1	3	3	2	72	20	0	0	0	0	0	0	0	0
1	3	3	3	45	20	0	0	0	0	0	0	0	0
2	1	1	1	50	20	0	0	0	0	0	0	0	0
2	1	1	2	15	20	0	0	0	0	0	0	0	0
2	1	1	3	68	20	0	0	0	0	0	0	0	0
2	1	2	1	12	20	3	0	0	0	0	0	0	0
2	1	2	2	42	20	0	0	0	0	0	0	0	0
2	1	2	3	35	20	0	0	0	0	0	0	0	0
2	1	3	1	87	20	0	0	0	0	0	0	0	0
2	1	3	2	14	20	0	0	0	0	0	2	0	0
2	1	3	3	48	20	0	0	0	0	0	0	0	0
2	2	1	1	8	20	1	0	1	0	0	0	0	0
2	2	1	2	13	20	3	0	0	0	0	0	0	0
2	2	1	3	5	20	0	0	0	0	0	0	0	0
2	2	2	1	81	20	1	0	0	0	0	0	0	0
2	2	2	2	75	20	0	0	0	0	0	0	0	0
2	2	2	3	61	20	0	0	0	0	0	0	0	0
2	2	3	1	41	20	21	0	0	0	0	0	0	0
2	2	3	2	28	20	6	0	0	0	0	0	0	0
2	2	3	3	7	20	161	0	0	0	0	1	0	0
2	3	1	1	66	20	0	0	0	0	0	0	0	0
2	3	1	2	17	20	106	0	0	0	2	2	0	0
2	3	1	3	51	20	18	0	0	0	0	0	0	0
2	3	2	1	19	20	5	0	0	0	0	0	0	0
2	3	2	2	6	20	0	0	0	0	0	0	0	0
2	3	2	3	25	20	0	0	0	0	0	0	0	0
2	3	3	1	44	20	69	1	0	0	0	0	0	0
2	3	3	2	62	20	0	0	0	0	0	0	0	0
2	3	3	3	34	20	1	0	0	0	0	0	0	0
3	1	1	1	29	20	0	0	0	0	0	0	0	0
3	1	1	2	27	20	0	0	0	0	0	0	0	0
3	1	1	3	71	20	7	0	0	0	0	0	0	0
3	1	2	1	38	20	14	0	0	0	0	0	0	0
3	1	2	2	26	20	16	0	0	0	0	1	0	0
3	1	2	3	86	20	34	0	0	0	0	0	0	0
3	1	3	1	83	20	15	0	0	0	0	0	0	0
3	1	3	2	39	20	0	0	0	0	0	0	0	0
3	1	3	3	63	20	6	0	0	0	0	0	0	0
3	2	1	1	16	20	0	0	0	0	1	0	0	0
3	2	1	2	57	20	0	0	0	0	0	0	0	0
3	2	1	3	53	20	0	0	0	0	0	0	0	0
3	2	2	1	23	20	0	0	0	0	0	0	0	0
3	2	2	2	54	20	4	0	0	0	0	0	0	0
3	2	2	3	52	20	0	0	0	0	1	0	0	0
3	2	3	1	24	20	8	0	0	0	2	0	0	0
3	2	3	2	2	20	0	0	0	0	0	0	0	0
3	2	3	3	84	20	41	1	0	0	0	0	0	0
3	3	1	1	32	20	0	0	0	0	0	0	0	0
3	3	1	2	20	20	0	0	0	0	0	0	0	0
3	3	1	3	40	20	1	0	0	0	0	0	0	0
3	3	2	1	36	20	0	0	0	0	0	0	0	0
3	3	2	2	47	20	0	0	0	0	0	0	0	0
3	3	2	3	46	20	0	0	0	0	0	0	0	0
3	3	3	1	60	20	0	0	0	0	0	0	0	0
3	3	3	2	4	20	0	0	0	0	0	0	0	0
3	3	3	3	58	20	0	0	0	0	0	0	0	0
1	1	1	1	82	21	6	0	0	0	0	0	0	0
1	1	1	2	30	21	0	0	0	0	0	0	0	0
1	1	1	3	55	21	0	0	0	0	0	0	0	0
1	1	2	1	43	21	0	0	0	0	0	0	0	0
1	1	2	2	59	21	22	0	0	0	0	0	0	0
1	1	2	3	9	21	7	0	0	0	0	0	0	0
1	1	3	1	69	21	0	0	0	0	0	0	0	0
1	1	3	2	49	21	2	0	0	0	0	0	0	0
1	1	3	3	65	21	0	0	0	0	0	0	0	0
1	2	1	1	67	21	12	0	0	0	0	1	0	0
1	2	1	2	10	21	0	0	0	0	0	0	0	0
1	2	1	3	37	21	14	0	0	0	0	0	0	0
1	2	2	1	85	21	5	0	0	0	0	0	0	0
1	2	2	2	33	21	2	0	0	0	0	0	0	0
1	2	2	3	79	21	0	0	0	0	1	0	0	0
1	2	3	1	70	21	14	1	0	0	0	0	0	0
1	2	3	2	76	21	1	0	0	0	0	0	0	0
1	2	3	3	3	21	9	0	1	0	0	0	0	0
1	3	1	1	64	21	0	0	0	0	0	0	0	0
1	3	1	2	22	21	11	0	0	0	0	0	0	0
1	3	1	3	56	21	0	0	0	0	0	1	0	0
1	3	2	1	73	21	1	0	0	0	0	1	0	0
1	3	2	2	31	21	1	0	0	0	0	2	0	0
1	3	2	3	11	21	0	0	0	0	0	0	0	0
1	3	3	1	18	21	0	0	0	0	1	0	0	0
1	3	3	2	72	21	3	0	0	0	0	0	0	0
1	3	3	3	45	21	0	0	0	0	0	0	0	0
2	1	1	1	50	21	0	0	0	0	0	0	0	0
2	1	1	2	15	21	0	0	0	0	0	0	0	0
2	1	1	3	68	21	0	0	0	0	0	0	0	0
2	1	2	1	12	21	4	0	0	0	0	0	0	0
2	1	2	2	42	21	1	0	0	0	0	0	0	0
2	1	2	3	35	21	0	0	0	0	0	0	0	0
2	1	3	1	87	21	0	0	0	0	0	0	0	0
2	1	3	2	14	21	0	0	0	0	0	1	0	0
2	1	3	3	48	21	0	0	0	0	0	2	0	0
2	2	1	1	8	21	5	1	0	0	0	0	0	0
2	2	1	2	13	21	4	0	0	0	1	0	0	0
2	2	1	3	5	21	0	0	0	0	0	1	0	0
2	2	2	1	81	21	4	0	0	0	0	0	0	0
2	2	2	2	75	21	1	0	0	0	0	0	0	0
2	2	2	3	61	21	0	0	0	0	0	1	0	0
2	2	3	1	41	21	7	0	0	0	0	1	0	0
2	2	3	2	28	21	7	0	0	0	0	1	0	0
2	2	3	3	7	21	132	0	0	0	0	2	0	0
2	3	1	1	66	21	0	0	0	0	0	0	0	0
2	3	1	2	17	21	130	0	0	0	2	2	0	0
2	3	1	3	51	21	15	0	0	0	0	0	0	0
2	3	2	1	19	21	4	0	0	0	0	0	0	0
2	3	2	2	6	21	0	0	0	0	1	0	0	0
2	3	2	3	25	21	0	0	0	0	0	0	0	0
2	3	3	1	44	21	137	0	0	0	0	1	0	0
2	3	3	2	62	21	0	0	0	0	0	0	0	0
2	3	3	3	34	21	1	0	0	0	0	0	0	0
3	1	1	1	29	21	0	0	0	0	0	0	0	0
3	1	1	2	27	21	0	0	0	0	0	0	0	0
3	1	1	3	71	21	11	0	0	0	0	0	0	0
3	1	2	1	38	21	8	0	0	0	0	0	0	0
3	1	2	2	26	21	14	0	0	0	0	2	0	0
3	1	2	3	86	21	35	0	0	0	0	0	0	0
3	1	3	1	83	21	11	0	0	0	0	1	0	0
3	1	3	2	39	21	1	0	0	0	0	0	0	0
3	1	3	3	63	21	6	0	0	0	0	0	0	0
3	2	1	1	16	21	0	0	0	0	0	0	0	0
3	2	1	2	57	21	0	0	0	0	0	0	0	0
3	2	1	3	53	21	0	0	0	0	0	0	0	0
3	2	2	1	23	21	0	0	0	0	0	0	0	0
3	2	2	2	54	21	17	0	0	0	0	0	0	0
3	2	2	3	52	21	1	0	0	0	1	0	0	0
3	2	3	1	24	21	12	0	0	0	2	0	0	0
3	2	3	2	2	21	1	0	0	0	1	0	0	0
3	2	3	3	84	21	48	0	0	0	0	0	0	0
3	3	1	1	32	21	0	0	0	0	0	0	0	0
3	3	1	2	20	21	0	0	0	0	0	0	0	0
3	3	1	3	40	21	0	0	0	0	0	0	0	0
3	3	2	1	36	21	0	0	0	0	0	0	0	0
3	3	2	2	47	21	0	0	0	0	0	1	0	0
3	3	2	3	46	21	0	0	0	0	0	0	0	0
3	3	3	1	60	21	0	0	0	0	0	0	0	0
3	3	3	2	4	21	0	0	0	0	0	0	0	0
3	3	3	3	58	21	0	0	0	0	0	0	0	0
1	1	1	1	82	22	5	0	0	0	0	0	0	0
1	1	1	2	30	22	0	0	0	0	0	0	0	0
1	1	1	3	55	22	0	0	0	0	0	0	0	0
1	1	2	1	43	22	0	0	0	0	0	1	0	0
1	1	2	2	59	22	18	0	0	0	0	0	0	0
1	1	2	3	9	22	11	0	0	0	0	0	0	0
1	1	3	1	69	22	0	0	0	0	0	0	0	0
1	1	3	2	49	22	3	0	0	0	0	0	0	0
1	1	3	3	65	22	0	0	0	0	0	0	0	0
1	2	1	1	67	22	0	0	0	0	0	0	0	0
1	2	1	2	10	22	2	0	0	0	0	0	0	0
1	2	1	3	37	22	9	1	0	0	0	0	0	0
1	2	2	1	85	22	3	0	0	0	0	0	0	0
1	2	2	2	33	22	2	0	0	0	0	1	0	0
1	2	2	3	79	22	0	0	0	0	0	0	0	0
1	2	3	1	70	22	4	0	0	0	0	0	0	0
1	2	3	2	76	22	0	0	0	0	0	0	0	0
1	2	3	3	3	22	0	0	0	0	0	0	0	0
1	3	1	1	64	22	0	0	0	0	0	1	0	0
1	3	1	2	22	22	0	0	0	0	0	0	0	0
1	3	1	3	56	22	0	0	0	0	0	0	0	0
1	3	2	1	73	22	1	0	0	0	0	2	0	0
1	3	2	2	31	22	1	0	0	0	0	0	0	0
1	3	2	3	11	22	2	0	0	0	0	2	0	0
1	3	3	1	18	22	0	0	0	0	0	0	0	0
1	3	3	2	72	22	1	0	0	0	0	0	0	0
1	3	3	3	45	22	0	1	0	0	0	0	0	0
2	1	1	1	50	22	0	0	0	0	0	0	0	0
2	1	1	2	15	22	0	0	0	0	0	0	0	0
2	1	1	3	68	22	0	0	0	0	0	1	0	0
2	1	2	1	12	22	2	0	0	0	0	0	0	0
2	1	2	2	42	22	2	0	0	0	0	0	0	0
2	1	2	3	35	22	0	0	0	0	0	0	0	0
2	1	3	1	87	22	0	0	0	0	0	0	0	0
2	1	3	2	14	22	0	0	0	0	0	0	0	0
2	1	3	3	48	22	0	0	0	0	0	0	0	0
2	2	1	1	8	22	0	0	0	0	0	0	0	0
2	2	1	2	13	22	0	0	0	0	0	0	0	0
2	2	1	3	5	22	1	0	0	0	0	0	0	0
2	2	2	1	81	22	1	0	0	0	0	1	0	0
2	2	2	2	75	22	1	0	0	0	0	0	0	0
2	2	2	3	61	22	0	0	0	0	0	0	0	0
2	2	3	1	41	22	3	1	0	0	0	2	0	0
2	2	3	2	28	22	0	0	0	0	0	2	0	0
2	2	3	3	7	22	16	0	0	0	0	0	0	0
2	3	1	1	66	22	0	0	0	0	0	0	0	0
2	3	1	2	17	22	120	0	0	0	1	2	0	0
2	3	1	3	51	22	18	0	0	0	0	0	0	0
2	3	2	1	19	22	2	0	0	0	0	0	0	0
2	3	2	2	6	22	0	0	0	0	1	0	0	0
2	3	2	3	25	22	0	0	0	0	0	0	0	0
2	3	3	1	44	22	147	0	0	0	0	0	0	0
2	3	3	2	62	22	1	0	0	0	0	0	0	0
2	3	3	3	34	22	0	0	0	0	0	0	0	0
3	1	1	1	29	22	0	0	0	0	0	0	0	0
3	1	1	2	27	22	0	0	0	0	0	0	0	0
3	1	1	3	71	22	7	0	0	0	0	0	0	0
3	1	2	1	38	22	5	0	0	0	0	0	0	0
3	1	2	2	26	22	12	0	0	0	0	0	0	0
3	1	2	3	86	22	30	0	0	0	0	0	0	0
3	1	3	1	83	22	28	0	0	0	0	0	0	0
3	1	3	2	39	22	0	0	0	0	0	0	0	0
3	1	3	3	63	22	7	0	0	0	0	0	0	0
3	2	1	1	16	22	0	0	0	0	0	0	0	0
3	2	1	2	57	22	0	0	0	0	0	0	0	0
3	2	1	3	53	22	0	0	0	0	0	0	0	0
3	2	2	1	23	22	0	0	0	0	0	0	0	0
3	2	2	2	54	22	13	0	0	0	1	0	0	0
3	2	2	3	52	22	1	0	0	0	0	0	0	0
3	2	3	1	24	22	5	0	0	0	0	0	0	0
3	2	3	2	2	22	7	0	0	0	0	0	0	0
3	2	3	3	84	22	66	0	0	0	0	0	0	0
3	3	1	1	32	22	0	0	0	0	0	0	0	0
3	3	1	2	20	22	0	0	0	0	0	0	0	0
3	3	1	3	40	22	0	0	0	0	0	0	0	0
3	3	2	1	36	22	0	0	0	0	0	0	0	0
3	3	2	2	47	22	0	0	0	0	0	0	0	0
3	3	2	3	46	22	0	0	0	0	0	0	0	0
3	3	3	1	60	22	0	0	0	0	0	0	0	0
3	3	3	2	4	22	0	0	0	0	0	0	0	0
3	3	3	3	58	22	0	0	0	0	0	0	0	0
1	1	1	1	82	23	5	0	0	0	0	1	0	0
1	1	1	2	30	23	0	0	0	0	0	0	0	0
1	1	1	3	55	23	0	0	0	0	0	1	0	0
1	1	2	1	43	23	0	0	0	0	0	0	0	0
1	1	2	2	59	23	17	0	0	0	0	0	0	0
1	1	2	3	9	23	0	0	0	0	0	0	0	0
1	1	3	1	69	23	0	0	0	0	0	1	0	0
1	1	3	2	49	23	0	0	0	0	0	0	0	0
1	1	3	3	65	23	0	0	0	0	0	0	0	0
1	2	1	1	67	23	0	0	0	0	0	0	0	0
1	2	1	2	10	23	0	0	0	0	0	0	0	0
1	2	1	3	37	23	0	0	0	0	0	0	0	0
1	2	2	1	85	23	0	0	0	0	0	0	0	0
1	2	2	2	33	23	4	0	0	0	0	0	0	0
1	2	2	3	79	23	4	0	0	0	0	0	0	0
1	2	3	1	70	23	0	0	0	0	0	0	0	0
1	2	3	2	76	23	0	0	0	0	0	0	0	0
1	2	3	3	3	23	0	1	0	0	0	0	0	0
1	3	1	1	64	23	0	0	0	0	0	0	0	0
1	3	1	2	22	23	11	0	0	0	0	0	0	0
1	3	1	3	56	23	0	0	0	0	0	0	0	0
1	3	2	1	73	23	1	0	0	0	0	1	0	0
1	3	2	2	31	23	2	0	0	0	0	1	0	0
1	3	2	3	11	23	0	0	0	0	0	0	0	0
1	3	3	1	18	23	0	0	0	0	0	0	0	0
1	3	3	2	72	23	2	0	0	0	0	0	0	0
1	3	3	3	45	23	0	0	0	0	1	0	0	0
2	1	1	1	50	23	0	0	0	0	0	0	0	0
2	1	1	2	15	23	0	0	0	0	0	0	0	0
2	1	1	3	68	23	0	0	0	0	0	0	0	0
2	1	2	1	12	23	2	0	0	0	0	0	0	0
2	1	2	2	42	23	6	0	0	0	0	0	0	0
2	1	2	3	35	23	0	0	0	0	0	0	0	0
2	1	3	1	87	23	0	0	0	0	0	0	0	0
2	1	3	2	14	23	0	0	0	0	0	0	0	0
2	1	3	3	48	23	0	0	0	0	0	0	0	0
2	2	1	1	8	23	3	0	0	0	0	0	0	0
2	2	1	2	13	23	0	0	0	0	0	0	0	0
2	2	1	3	5	23	3	0	0	0	0	0	0	0
2	2	2	1	81	23	0	0	0	0	0	0	0	0
2	2	2	2	75	23	0	1	0	0	0	0	0	0
2	2	2	3	61	23	0	0	0	0	0	0	0	0
2	2	3	1	41	23	1	1	0	0	0	1	0	0
2	2	3	2	28	23	1	0	0	0	0	0	0	0
2	2	3	3	7	23	5	0	0	0	1	2	0	0
2	3	1	1	66	23	0	0	0	0	0	0	0	0
2	3	1	2	17	23	80	1	0	0	1	2	0	0
2	3	1	3	51	23	10	0	0	0	0	0	0	0
2	3	2	1	19	23	7	0	0	0	0	0	0	0
2	3	2	2	6	23	0	0	0	0	0	0	0	0
2	3	2	3	25	23	0	0	0	0	0	0	0	0
2	3	3	1	44	23	178	0	0	0	1	0	0	0
2	3	3	2	62	23	8	0	0	0	0	0	0	0
2	3	3	3	34	23	5	0	0	0	0	0	0	0
3	1	1	1	29	23	1	0	0	0	0	1	0	0
3	1	1	2	27	23	0	0	0	0	0	0	0	0
3	1	1	3	71	23	16	0	0	0	0	1	0	0
3	1	2	1	38	23	3	0	0	0	0	0	0	0
3	1	2	2	26	23	13	0	0	0	0	0	0	0
3	1	2	3	86	23	47	0	0	0	1	1	0	0
3	1	3	1	83	23	32	0	0	0	0	0	0	0
3	1	3	2	39	23	1	0	0	0	0	0	0	0
3	1	3	3	63	23	9	0	0	0	0	0	0	0
3	2	1	1	16	23	0	0	0	0	0	0	0	0
3	2	1	2	57	23	0	0	0	0	0	0	0	0
3	2	1	3	53	23	0	0	0	0	0	0	0	0
3	2	2	1	23	23	0	0	0	0	0	0	0	0
3	2	2	2	54	23	14	0	0	0	0	0	0	0
3	2	2	3	52	23	5	0	0	0	0	0	0	0
3	2	3	1	24	23	7	0	0	0	0	0	0	0
3	2	3	2	2	23	11	0	0	0	0	0	0	0
3	2	3	3	84	23	92	0	0	0	0	0	0	0
3	3	1	1	32	23	0	0	0	0	0	0	0	0
3	3	1	2	20	23	0	0	0	0	0	0	0	0
3	3	1	3	40	23	0	0	0	0	0	0	0	0
3	3	2	1	36	23	0	0	0	0	0	0	0	0
3	3	2	2	47	23	0	0	0	0	0	0	0	0
3	3	2	3	46	23	0	0	0	0	0	0	0	0
3	3	3	1	60	23	0	0	0	0	0	0	0	0
3	3	3	2	4	23	0	0	0	0	0	1	0	0
3	3	3	3	58	23	0	0	0	0	0	0	0	0
1	1	1	1	82	24	4	0	0	0	0	1	0	0
1	1	1	2	30	24	0	0	0	0	0	0	0	0
1	1	1	3	55	24	0	0	0	0	0	0	0	0
1	1	2	1	43	24	0	0	0	0	0	0	0	0
1	1	2	2	59	24	16	0	0	0	0	0	0	0
1	1	2	3	9	24	22	0	0	0	0	0	0	0
1	1	3	1	69	24	0	0	0	0	0	0	0	0
1	1	3	2	49	24	0	0	0	0	0	0	0	0
1	1	3	3	65	24	0	0	0	0	0	1	0	0
1	2	1	1	67	24	0	0	0	0	0	0	0	0
1	2	1	2	10	24	0	0	0	0	0	0	0	0
1	2	1	3	37	24	0	0	0	0	0	0	0	0
1	2	2	1	85	24	11	0	0	0	0	0	0	0
1	2	2	2	33	24	0	0	0	0	0	0	0	0
1	2	2	3	79	24	0	0	0	0	1	0	0	0
1	2	3	1	70	24	0	1	0	0	0	0	0	0
1	2	3	2	76	24	0	0	0	0	0	0	0	0
1	2	3	3	3	24	0	0	0	0	0	0	0	0
1	3	1	1	64	24	1	0	0	0	0	1	0	0
1	3	1	2	22	24	0	0	0	0	0	2	0	0
1	3	1	3	56	24	0	0	0	0	0	1	0	0
1	3	2	1	73	24	1	0	0	0	0	0	0	0
1	3	2	2	31	24	2	0	0	0	0	0	0	0
1	3	2	3	11	24	0	0	0	0	0	0	0	0
1	3	3	1	18	24	0	0	0	0	0	0	0	0
1	3	3	2	72	24	0	0	0	0	0	1	0	0
1	3	3	3	45	24	0	0	0	0	0	0	0	0
2	1	1	1	50	24	4	0	0	0	0	0	0	0
2	1	1	2	15	24	0	0	0	0	0	0	0	0
2	1	1	3	68	24	0	0	0	0	1	0	0	0
2	1	2	1	12	24	2	0	0	0	0	0	0	0
2	1	2	2	42	24	8	0	0	0	0	0	0	0
2	1	2	3	35	24	0	0	0	0	0	0	0	0
2	1	3	1	87	24	0	0	0	0	0	0	0	0
2	1	3	2	14	24	0	0	0	0	0	1	0	0
2	1	3	3	48	24	0	0	0	0	0	0	0	0
2	2	1	1	8	24	0	0	0	0	0	1	0	0
2	2	1	2	13	24	0	0	0	0	0	0	0	0
2	2	1	3	5	24	0	0	0	0	1	0	0	0
2	2	2	1	81	24	0	0	0	0	0	0	0	0
2	2	2	2	75	24	0	0	0	0	0	0	0	0
2	2	2	3	61	24	0	0	0	0	0	0	0	0
2	2	3	1	41	24	0	0	0	0	0	0	0	0
2	2	3	2	28	24	0	0	0	0	0	0	0	0
2	2	3	3	7	24	0	0	0	0	0	0	0	0
2	3	1	1	66	24	0	0	0	0	0	0	0	0
2	3	1	2	17	24	23	1	0	0	0	0	0	0
2	3	1	3	51	24	6	0	0	0	0	1	0	0
2	3	2	1	19	24	3	0	0	0	0	0	0	0
2	3	2	2	6	24	0	0	0	0	0	0	0	0
2	3	2	3	25	24	0	0	0	0	0	0	0	0
2	3	3	1	44	24	197	0	0	0	0	0	0	0
2	3	3	2	62	24	9	0	0	0	0	0	0	0
2	3	3	3	34	24	4	0	0	0	0	0	0	0
3	1	1	1	29	24	0	0	0	0	0	0	0	0
3	1	1	2	27	24	0	0	0	0	0	0	0	0
3	1	1	3	71	24	13	0	0	0	0	0	0	0
3	1	2	1	38	24	16	0	0	0	1	1	0	0
3	1	2	2	26	24	5	0	0	0	0	0	0	0
3	1	2	3	86	24	53	0	0	0	0	2	0	0
3	1	3	1	83	24	18	0	0	0	0	0	0	0
3	1	3	2	39	24	0	0	0	0	0	0	0	0
3	1	3	3	63	24	16	0	0	0	0	0	0	0
3	2	1	1	16	24	0	0	0	0	0	0	0	0
3	2	1	2	57	24	0	0	0	0	0	0	0	0
3	2	1	3	53	24	0	0	0	0	0	0	0	0
3	2	2	1	23	24	0	0	0	0	0	0	0	0
3	2	2	2	54	24	4	0	0	0	1	0	0	0
3	2	2	3	52	24	7	0	0	0	0	1	0	0
3	2	3	1	24	24	6	0	0	0	0	0	0	0
3	2	3	2	2	24	13	0	0	0	0	0	0	0
3	2	3	3	84	24	98	0	0	0	0	0	0	1
3	3	1	1	32	24	0	0	0	0	0	0	0	0
3	3	1	2	20	24	0	0	0	0	0	0	0	0
3	3	1	3	40	24	0	0	0	0	0	0	0	0
3	3	2	1	36	24	0	0	0	0	0	0	0	0
3	3	2	2	47	24	0	0	0	0	0	0	0	0
3	3	2	3	46	24	0	0	0	0	0	0	0	0
3	3	3	1	60	24	0	0	0	0	0	0	0	0
3	3	3	2	4	24	0	0	0	0	0	0	0	0
3	3	3	3	58	24	0	0	0	0	0	0	0	0
1	1	1	1	82	25	0	0	0	0	0	0	0	0
1	1	1	2	30	25	0	0	0	0	0	0	0	0
1	1	1	3	55	25	0	0	0	0	0	0	0	0
1	1	2	1	43	25	0	0	0	0	0	0	0	0
1	1	2	2	59	25	20	0	0	0	0	0	0	0
1	1	2	3	9	25	14	0	0	0	0	0	0	0
1	1	3	1	69	25	0	0	0	0	0	1	0	0
1	1	3	2	49	25	0	0	0	0	0	0	0	0
1	1	3	3	65	25	0	0	0	0	0	0	0	0
1	2	1	1	67	25	0	0	0	0	0	0	0	0
1	2	1	2	10	25	0	0	0	0	0	0	0	0
1	2	1	3	37	25	0	0	0	0	0	0	0	0
1	2	2	1	85	25	5	0	0	0	0	0	0	0
1	2	2	2	33	25	1	0	0	0	0	0	0	0
1	2	2	3	79	25	1	0	0	0	0	0	0	0
1	2	3	1	70	25	0	0	0	0	1	0	0	0
1	2	3	2	76	25	0	0	0	0	0	1	0	0
1	2	3	3	3	25	0	0	0	0	1	0	0	0
1	3	1	1	64	25	3	0	0	0	0	0	0	0
1	3	1	2	22	25	18	0	0	0	0	0	0	0
1	3	1	3	56	25	0	0	0	0	0	0	0	0
1	3	2	1	73	25	1	0	0	0	0	0	0	0
1	3	2	2	31	25	3	0	0	0	1	0	0	0
1	3	2	3	11	25	1	0	0	0	0	1	0	0
1	3	3	1	18	25	0	0	0	0	0	0	0	0
1	3	3	2	72	25	1	0	0	0	0	0	0	0
1	3	3	3	45	25	0	0	0	0	1	0	0	0
2	1	1	1	50	25	0	0	0	0	0	0	0	0
2	1	1	2	15	25	0	0	0	0	0	1	0	0
2	1	1	3	68	25	0	0	0	0	1	0	0	0
2	1	2	1	12	25	0	0	0	0	0	0	0	0
2	1	2	2	42	25	0	0	0	0	0	2	0	0
2	1	2	3	35	25	0	0	0	0	0	0	0	0
2	1	3	1	87	25	0	0	0	0	0	1	0	0
2	1	3	2	14	25	0	0	0	0	0	0	0	0
2	1	3	3	48	25	0	0	0	0	0	1	0	0
2	2	1	1	8	25	0	0	0	0	0	1	0	0
2	2	1	2	13	25	0	0	0	0	0	0	0	0
2	2	1	3	5	25	1	0	0	0	0	0	0	0
2	2	2	1	81	25	0	0	0	0	1	0	0	0
2	2	2	2	75	25	0	0	0	0	1	0	0	0
2	2	2	3	61	25	0	0	0	0	0	0	0	0
2	2	3	1	41	25	0	0	0	0	0	0	0	0
2	2	3	2	28	25	0	0	0	0	0	0	0	0
2	2	3	3	7	25	0	0	0	0	0	0	0	0
2	3	1	1	66	25	0	0	0	0	0	0	0	0
2	3	1	2	17	25	7	0	0	0	0	0	0	0
2	3	1	3	51	25	10	1	0	0	0	1	0	0
2	3	2	1	19	25	6	0	0	0	0	0	0	0
2	3	2	2	6	25	0	0	0	0	0	0	0	0
2	3	2	3	25	25	0	0	0	0	0	0	0	0
2	3	3	1	44	25	234	0	0	0	0	0	0	0
2	3	3	2	62	25	10	0	0	0	0	0	0	0
2	3	3	3	34	25	9	0	0	0	0	0	0	0
3	1	1	1	29	25	0	0	0	0	0	0	0	0
3	1	1	2	27	25	0	0	0	0	0	0	0	0
3	1	1	3	71	25	17	0	0	0	0	0	0	0
3	1	2	1	38	25	23	0	0	0	0	0	0	0
3	1	2	2	26	25	13	0	0	0	0	0	0	0
3	1	2	3	86	25	53	0	0	0	0	0	0	0
3	1	3	1	83	25	20	0	0	0	0	0	0	0
3	1	3	2	39	25	1	0	0	0	0	0	0	0
3	1	3	3	63	25	26	0	0	0	0	0	0	0
3	2	1	1	16	25	0	0	0	0	0	0	0	0
3	2	1	2	57	25	0	0	0	0	0	0	0	0
3	2	1	3	53	25	0	0	0	0	0	0	0	0
3	2	2	1	23	25	0	0	0	0	0	0	0	0
3	2	2	2	54	25	8	0	0	0	2	0	0	0
3	2	2	3	52	25	7	0	0	0	0	0	0	0
3	2	3	1	24	25	5	0	0	0	0	0	0	0
3	2	3	2	2	25	19	0	0	0	0	0	0	0
3	2	3	3	84	25	119	0	0	0	0	0	0	1
3	3	1	1	32	25	0	0	0	0	0	0	0	0
3	3	1	2	20	25	0	0	0	0	0	0	0	0
3	3	1	3	40	25	5	0	0	0	0	0	0	0
3	3	2	1	36	25	0	0	0	0	0	0	0	0
3	3	2	2	47	25	0	0	0	0	0	0	0	0
3	3	2	3	46	25	0	0	0	0	0	0	0	0
3	3	3	1	60	25	0	0	0	0	0	0	0	0
3	3	3	2	4	25	0	0	0	0	0	0	0	0
3	3	3	3	58	25	1	0	0	0	0	0	0	0
1	1	1	1	82	29	22	1	0	0	0	0	0	0
1	1	1	2	30	29	0	0	0	0	0	0	0	0
1	1	1	3	55	29	1	0	0	0	0	0	0	0
1	1	2	1	43	29	4	0	0	0	0	0	0	0
1	1	2	2	59	29	31	0	0	0	0	0	0	0
1	1	2	3	9	29	1	0	0	0	0	0	0	0
1	1	3	1	69	29	1	0	0	0	0	0	0	0
1	1	3	2	49	29	4	0	0	0	0	0	0	0
1	1	3	3	65	29	0	0	0	0	0	0	0	0
1	2	1	1	67	29	0	0	0	0	0	0	0	0
1	2	1	2	10	29	0	0	0	0	0	0	0	0
1	2	1	3	37	29	3	0	0	0	0	0	0	0
1	2	2	1	85	29	0	0	0	0	0	0	0	0
1	2	2	2	33	29	13	0	0	0	0	0	0	0
1	2	2	3	79	29	4	0	0	0	0	0	0	0
1	2	3	1	70	29	0	0	0	0	1	0	0	0
1	2	3	2	76	29	0	0	0	0	0	0	0	0
1	2	3	3	3	29	0	0	0	0	0	0	0	0
1	3	1	1	64	29	1	0	0	0	0	0	0	0
1	3	1	2	22	29	26	0	0	0	0	0	0	0
1	3	1	3	56	29	0	0	0	0	0	0	0	0
1	3	2	1	73	29	0	0	0	0	0	0	0	0
1	3	2	2	31	29	3	0	0	0	1	1	0	0
1	3	2	3	11	29	8	1	0	0	0	1	0	0
1	3	3	1	18	29	0	0	0	0	0	0	0	0
1	3	3	2	72	29	5	0	0	0	0	0	0	0
1	3	3	3	45	29	0	0	0	0	0	0	0	0
2	1	1	1	50	29	5	0	0	0	0	0	0	0
2	1	1	2	15	29	0	0	0	0	0	0	0	0
2	1	1	3	68	29	0	0	0	0	0	0	0	0
2	1	2	1	12	29	1	0	0	0	0	0	0	0
2	1	2	2	42	29	9	1	0	0	0	0	0	0
2	1	2	3	35	29	0	0	0	0	0	0	0	0
2	1	3	1	87	29	6	0	0	0	0	1	0	0
2	1	3	2	14	29	6	0	0	0	0	0	0	0
2	1	3	3	48	29	0	0	0	0	0	1	0	0
2	2	1	1	8	29	1	0	0	0	0	1	0	0
2	2	1	2	13	29	0	0	0	0	0	1	0	0
2	2	1	3	5	29	4	0	0	0	0	0	0	0
2	2	2	1	81	29	2	0	0	0	0	0	0	0
2	2	2	2	75	29	12	0	0	0	0	0	0	0
2	2	2	3	61	29	0	0	0	0	0	0	0	0
2	2	3	1	41	29	0	0	0	0	0	0	0	0
2	2	3	2	28	29	0	0	0	0	1	1	0	0
2	2	3	3	7	29	0	0	0	0	0	0	0	0
2	3	1	1	66	29	0	0	0	0	0	0	0	0
2	3	1	2	17	29	0	0	0	0	0	0	0	0
2	3	1	3	51	29	5	0	0	0	0	0	0	0
2	3	2	1	19	29	2	0	0	0	0	0	0	0
2	3	2	2	6	29	0	0	0	0	0	0	0	0
2	3	2	3	25	29	0	0	0	0	0	0	0	0
2	3	3	1	44	29	69	1	0	0	0	0	0	0
2	3	3	2	62	29	30	0	0	0	0	0	0	0
2	3	3	3	34	29	6	0	0	0	0	0	0	0
3	1	1	1	29	29	0	0	0	0	0	0	0	0
3	1	1	2	27	29	10	0	0	0	0	0	0	0
3	1	1	3	71	29	18	0	0	0	0	0	0	0
3	1	2	1	38	29	16	1	0	0	0	0	0	0
3	1	2	2	26	29	23	0	0	0	0	0	0	0
3	1	2	3	86	29	20	1	0	0	0	2	0	0
3	1	3	1	83	29	39	0	0	0	0	0	0	0
3	1	3	2	39	29	2	0	0	0	0	0	0	0
3	1	3	3	63	29	26	0	0	0	0	0	0	0
3	2	1	1	16	29	10	0	0	0	0	0	0	0
3	2	1	2	57	29	0	0	0	0	0	0	0	0
3	2	1	3	53	29	5	0	0	0	0	0	0	0
3	2	2	1	23	29	1	0	0	0	0	0	0	0
3	2	2	2	54	29	15	0	0	0	0	0	0	0
3	2	2	3	52	29	6	0	0	0	0	0	0	0
3	2	3	1	24	29	26	0	0	0	0	0	0	0
3	2	3	2	2	29	18	0	0	0	0	0	0	0
3	2	3	3	84	29	109	1	0	0	0	0	0	0
3	3	1	1	32	29	0	0	0	0	0	0	0	0
3	3	1	2	20	29	0	0	0	0	0	0	0	0
3	3	1	3	40	29	18	0	0	0	0	0	0	0
3	3	2	1	36	29	8	0	0	0	0	0	0	0
3	3	2	2	47	29	0	0	0	0	0	0	0	0
3	3	2	3	46	29	0	0	0	0	0	0	0	0
3	3	3	1	60	29	0	0	0	0	0	0	0	0
3	3	3	2	4	29	4	0	0	0	0	0	0	0
3	3	3	3	58	29	0	0	0	0	0	0	0	0
1	1	1	1	82	30	0	0	0	0	0	1	0	0
1	1	1	2	30	30	0	1	0	0	0	0	0	0
1	1	1	3	55	30	0	0	0	0	0	0	0	0
1	1	2	1	43	30	1	0	0	0	0	0	0	0
1	1	2	2	59	30	60	0	0	0	0	0	0	0
1	1	2	3	9	30	1	0	0	0	0	0	0	0
1	1	3	1	69	30	1	0	0	0	0	0	0	0
1	1	3	2	49	30	2	0	0	0	0	0	0	0
1	1	3	3	65	30	0	0	0	0	0	0	0	0
1	2	1	1	67	30	0	0	0	0	0	0	0	0
1	2	1	2	10	30	0	0	0	0	0	0	0	0
1	2	1	3	37	30	0	0	0	0	0	0	0	0
1	2	2	1	85	30	0	0	0	0	0	0	0	0
1	2	2	2	33	30	15	0	0	0	0	0	0	0
1	2	2	3	79	30	1	0	0	0	0	0	0	0
1	2	3	1	70	30	0	0	0	0	0	0	0	0
1	2	3	2	76	30	0	0	0	0	0	0	0	0
1	2	3	3	3	30	0	0	0	0	0	2	0	0
1	3	1	1	64	30	0	0	0	0	0	0	0	0
1	3	1	2	22	30	20	0	0	0	0	0	0	0
1	3	1	3	56	30	0	0	0	0	0	0	0	0
1	3	2	1	73	30	0	0	0	0	0	0	0	0
1	3	2	2	31	30	1	0	0	0	2	0	0	0
1	3	2	3	11	30	0	0	0	0	0	1	0	0
1	3	3	1	18	30	0	0	0	0	0	1	0	0
1	3	3	2	72	30	12	0	0	0	0	0	0	0
1	3	3	3	45	30	0	0	0	0	0	0	0	0
2	1	1	1	50	30	7	0	0	0	0	1	0	0
2	1	1	2	15	30	0	0	0	0	0	0	0	0
2	1	1	3	68	30	0	0	0	0	0	0	0	0
2	1	2	1	12	30	0	0	0	0	0	0	0	0
2	1	2	2	42	30	15	0	0	0	0	0	0	0
2	1	2	3	35	30	0	0	0	0	0	0	0	0
2	1	3	1	87	30	8	0	0	0	0	0	0	0
2	1	3	2	14	30	4	0	0	0	0	1	0	0
2	1	3	3	48	30	0	0	0	0	0	2	0	0
2	2	1	1	8	30	3	0	0	0	0	0	0	0
2	2	1	2	13	30	0	0	0	0	0	0	0	0
2	2	1	3	5	30	1	0	0	0	0	0	0	0
2	2	2	1	81	30	7	0	0	0	0	0	0	0
2	2	2	2	75	30	11	0	0	0	0	0	0	0
2	2	2	3	61	30	0	0	0	0	0	0	0	0
2	2	3	1	41	30	0	0	0	0	0	0	0	0
2	2	3	2	28	30	0	0	0	0	0	1	0	0
2	2	3	3	7	30	1	0	0	0	0	0	0	0
2	3	1	1	66	30	0	1	0	0	0	0	0	0
2	3	1	2	17	30	0	0	0	0	1	0	0	0
2	3	1	3	51	30	0	0	0	0	0	0	0	0
2	3	2	1	19	30	19	0	0	0	0	0	0	0
2	3	2	2	6	30	8	0	0	0	0	0	0	0
2	3	2	3	25	30	0	0	0	0	0	0	0	0
2	3	3	1	44	30	22	0	0	0	0	0	0	0
2	3	3	2	62	30	48	0	0	0	0	1	0	0
2	3	3	3	34	30	0	1	0	0	0	0	0	0
3	1	1	1	29	30	0	0	0	0	0	0	0	0
3	1	1	2	27	30	3	0	0	0	0	0	0	0
3	1	1	3	71	30	30	0	0	0	0	0	0	0
3	1	2	1	38	30	12	0	0	0	0	0	0	0
3	1	2	2	26	30	27	0	0	0	0	0	0	0
3	1	2	3	86	30	5	1	0	0	0	0	0	0
3	1	3	1	83	30	48	0	0	0	0	0	0	0
3	1	3	2	39	30	12	0	0	0	0	0	0	0
3	1	3	3	63	30	28	0	0	0	0	0	0	0
3	2	1	1	16	30	8	0	0	0	0	0	0	0
3	2	1	2	57	30	0	0	0	0	0	0	0	0
3	2	1	3	53	30	7	0	0	0	0	0	0	0
3	2	2	1	23	30	0	0	0	0	0	0	0	0
3	2	2	2	54	30	17	0	0	0	0	0	0	0
3	2	2	3	52	30	8	0	0	0	0	0	0	0
3	2	3	1	24	30	0	0	0	0	0	0	0	0
3	2	3	2	2	30	18	0	0	0	0	0	0	0
3	2	3	3	84	30	95	1	0	0	0	0	0	1
3	3	1	1	32	30	0	0	0	0	0	0	0	0
3	3	1	2	20	30	0	0	0	0	0	0	0	0
3	3	1	3	40	30	20	0	0	0	0	0	0	0
3	3	2	1	36	30	16	0	0	0	0	0	0	0
3	3	2	2	47	30	0	0	0	0	0	0	0	0
3	3	2	3	46	30	0	0	0	0	0	0	0	0
3	3	3	1	60	30	1	0	0	0	0	0	0	0
3	3	3	2	4	30	2	0	0	0	0	0	0	0
3	3	3	3	58	30	0	0	0	0	0	0	0	0
1	1	1	1	82	31	0	0	0	0	0	0	0	0
1	1	1	2	30	31	0	0	0	0	0	0	0	0
1	1	1	3	55	31	0	0	0	0	0	0	0	0
1	1	2	1	43	31	0	0	0	0	0	0	0	0
1	1	2	2	59	31	6	0	0	0	0	0	0	0
1	1	2	3	9	31	2	0	0	0	0	0	0	0
1	1	3	1	69	31	0	0	0	0	0	0	0	0
1	1	3	2	49	31	8	0	0	0	0	0	0	0
1	1	3	3	65	31	0	0	0	0	0	0	0	0
1	2	1	1	67	31	0	0	0	0	0	0	0	0
1	2	1	2	10	31	0	0	0	0	0	0	0	0
1	2	1	3	37	31	5	0	0	0	0	0	0	0
1	2	2	1	85	31	0	0	0	0	0	0	0	0
1	2	2	2	33	31	18	0	0	0	0	0	0	0
1	2	2	3	79	31	0	0	0	0	0	0	0	0
1	2	3	1	70	31	1	0	0	0	0	0	0	0
1	2	3	2	76	31	0	0	0	0	0	0	0	0
1	2	3	3	3	31	0	0	0	0	1	0	0	0
1	3	1	1	64	31	0	0	0	0	0	0	0	0
1	3	1	2	22	31	31	0	0	0	0	0	0	0
1	3	1	3	56	31	0	0	0	0	0	0	0	0
1	3	2	1	73	31	0	0	0	0	0	0	0	0
1	3	2	2	31	31	0	0	0	0	0	1	0	0
1	3	2	3	11	31	0	0	0	0	0	0	0	0
1	3	3	1	18	31	0	0	0	0	0	0	0	0
1	3	3	2	72	31	25	0	0	0	0	0	0	0
1	3	3	3	45	31	0	0	0	0	0	0	0	0
2	1	1	1	50	31	11	0	0	0	0	0	0	0
2	1	1	2	15	31	0	0	0	0	0	0	0	0
2	1	1	3	68	31	0	0	0	0	0	0	0	0
2	1	2	1	12	31	0	0	0	0	0	0	0	0
2	1	2	2	42	31	4	0	0	0	0	1	0	0
2	1	2	3	35	31	0	0	0	0	0	0	0	0
2	1	3	1	87	31	8	0	0	0	0	0	0	0
2	1	3	2	14	31	1	0	0	0	0	0	0	0
2	1	3	3	48	31	0	0	0	0	0	3	0	0
2	2	1	1	8	31	0	0	0	0	0	1	0	0
2	2	1	2	13	31	0	0	0	0	0	0	0	0
2	2	1	3	5	31	0	0	0	0	0	0	0	0
2	2	2	1	81	31	0	0	0	0	0	0	0	0
2	2	2	2	75	31	9	0	0	0	0	0	0	0
2	2	2	3	61	31	0	0	0	0	0	0	0	0
2	2	3	1	41	31	0	0	0	0	0	0	0	0
2	2	3	2	28	31	0	0	0	0	0	0	0	0
2	2	3	3	7	31	0	0	0	0	0	1	0	0
2	3	1	1	66	31	0	0	0	0	0	0	0	0
2	3	1	2	17	31	0	0	0	0	0	0	0	0
2	3	1	3	51	31	0	0	0	0	0	0	0	0
2	3	2	1	19	31	21	0	0	0	0	0	0	0
2	3	2	2	6	31	13	0	0	0	0	0	0	0
2	3	2	3	25	31	0	0	0	0	0	0	0	0
2	3	3	1	44	31	1	0	0	0	0	0	0	0
2	3	3	2	62	31	52	1	0	0	0	0	0	0
2	3	3	3	34	31	0	0	0	0	0	0	0	0
3	1	1	1	29	31	0	0	0	0	0	0	0	0
3	1	1	2	27	31	3	0	0	0	0	0	0	0
3	1	1	3	71	31	36	0	0	0	0	0	0	0
3	1	2	1	38	31	9	0	0	0	0	0	0	0
3	1	2	2	26	31	17	0	0	0	0	0	0	0
3	1	2	3	86	31	2	0	0	0	0	0	0	0
3	1	3	1	83	31	51	0	0	0	0	0	0	0
3	1	3	2	39	31	2	0	0	0	0	0	0	0
3	1	3	3	63	31	28	0	0	0	0	0	0	0
3	2	1	1	16	31	16	0	0	0	0	0	0	0
3	2	1	2	57	31	0	0	0	0	0	0	0	0
3	2	1	3	53	31	17	0	0	0	0	0	0	0
3	2	2	1	23	31	0	0	0	0	0	0	0	0
3	2	2	2	54	31	27	0	0	0	0	0	0	0
3	2	2	3	52	31	19	0	0	0	0	0	0	0
3	2	3	1	24	31	0	0	0	0	0	0	0	0
3	2	3	2	2	31	30	0	0	0	0	0	0	0
3	2	3	3	84	31	60	1	0	0	0	0	0	0
3	3	1	1	32	31	0	0	0	0	0	0	0	0
3	3	1	2	20	31	0	0	0	0	0	0	0	0
3	3	1	3	40	31	9	0	0	0	0	0	0	0
3	3	2	1	36	31	13	0	0	0	0	0	0	0
3	3	2	2	47	31	0	0	0	0	0	0	0	0
3	3	2	3	46	31	0	0	0	0	0	0	0	0
3	3	3	1	60	31	0	0	0	0	0	0	0	0
3	3	3	2	4	31	1	0	0	0	0	0	0	0
3	3	3	3	58	31	0	0	0	0	0	0	0	0
1	1	1	1	82	32	0	0	0	0	0	0	0	0
1	1	1	2	30	32	0	0	0	0	0	0	0	0
1	1	1	3	55	32	0	0	0	0	0	0	0	0
1	1	2	1	43	32	0	0	0	0	0	0	0	0
1	1	2	2	59	32	14	0	0	0	0	0	0	0
1	1	2	3	9	32	1	0	0	0	0	0	0	0
1	1	3	1	69	32	2	0	0	0	0	0	0	0
1	1	3	2	49	32	18	0	0	0	0	0	0	0
1	1	3	3	65	32	0	0	0	0	0	0	0	0
1	2	1	1	67	32	0	0	0	0	0	0	0	0
1	2	1	2	10	32	0	0	0	0	0	0	0	0
1	2	1	3	37	32	0	0	0	0	0	0	0	0
1	2	2	1	85	32	0	0	0	0	0	0	0	0
1	2	2	2	33	32	1	0	0	0	0	0	0	0
1	2	2	3	79	32	0	0	0	0	0	0	0	0
1	2	3	1	70	32	1	0	0	0	0	0	0	0
1	2	3	2	76	32	0	0	0	0	0	0	0	0
1	2	3	3	3	32	0	0	0	0	0	0	0	0
1	3	1	1	64	32	0	0	0	0	0	0	0	0
1	3	1	2	22	32	43	0	0	0	0	0	0	0
1	3	1	3	56	32	0	0	0	0	0	0	0	0
1	3	2	1	73	32	0	0	0	0	0	0	0	0
1	3	2	2	31	32	0	0	0	0	0	0	0	0
1	3	2	3	11	32	0	0	0	0	0	0	0	0
1	3	3	1	18	32	0	0	0	0	0	0	0	0
1	3	3	2	72	32	32	0	0	0	0	0	0	0
1	3	3	3	45	32	0	0	0	0	0	0	0	0
2	1	1	1	50	32	14	0	0	0	0	0	0	0
2	1	1	2	15	32	0	0	0	0	0	0	0	0
2	1	1	3	68	32	0	0	0	0	0	1	0	0
2	1	2	1	12	32	0	0	0	0	0	0	0	0
2	1	2	2	42	32	0	0	0	0	0	0	0	0
2	1	2	3	35	32	0	0	0	0	0	0	0	0
2	1	3	1	87	32	0	0	0	0	0	0	0	0
2	1	3	2	14	32	0	0	0	0	0	0	0	0
2	1	3	3	48	32	0	0	0	0	0	2	0	0
2	2	1	1	8	32	9	0	0	0	0	0	0	0
2	2	1	2	13	32	0	0	0	0	0	0	0	0
2	2	1	3	5	32	0	0	0	0	0	0	0	0
2	2	2	1	81	32	2	0	0	0	1	1	0	0
2	2	2	2	75	32	6	0	0	0	0	0	0	0
2	2	2	3	61	32	0	0	0	0	0	0	0	0
2	2	3	1	41	32	0	0	0	0	0	0	0	0
2	2	3	2	28	32	0	0	0	0	0	0	0	0
2	2	3	3	7	32	0	0	0	0	0	1	0	0
2	3	1	1	66	32	0	0	0	0	0	0	0	0
2	3	1	2	17	32	0	0	0	0	0	0	0	0
2	3	1	3	51	32	0	0	0	0	0	0	0	0
2	3	2	1	19	32	25	0	0	0	0	0	0	0
2	3	2	2	6	32	15	0	0	0	0	0	0	0
2	3	2	3	25	32	0	0	0	0	0	0	0	0
2	3	3	1	44	32	0	0	0	0	0	0	0	0
2	3	3	2	62	32	31	0	0	0	0	0	0	0
2	3	3	3	34	32	0	0	0	0	0	0	0	0
3	1	1	1	29	32	0	0	0	0	0	0	0	0
3	1	1	2	27	32	5	0	0	0	0	0	0	0
3	1	1	3	71	32	66	0	0	0	0	0	0	0
3	1	2	1	38	32	2	0	0	0	0	0	0	0
3	1	2	2	26	32	20	0	0	0	0	0	0	0
3	1	2	3	86	32	6	0	0	0	0	0	0	0
3	1	3	1	83	32	16	0	0	0	0	0	0	0
3	1	3	2	39	32	2	0	0	0	0	0	0	0
3	1	3	3	63	32	52	0	0	0	0	0	0	0
3	2	1	1	16	32	13	0	0	0	0	0	0	0
3	2	1	2	57	32	0	0	0	0	0	0	0	0
3	2	1	3	53	32	15	0	0	0	0	0	0	0
3	2	2	1	23	32	5	0	0	0	0	0	0	0
3	2	2	2	54	32	50	0	0	0	0	0	0	0
3	2	2	3	52	32	18	0	0	0	0	0	0	0
3	2	3	1	24	32	2	0	0	0	0	0	0	0
3	2	3	2	2	32	31	0	0	0	0	0	0	0
3	2	3	3	84	32	63	1	0	0	0	1	0	1
3	3	1	1	32	32	0	0	0	0	0	0	0	0
3	3	1	2	20	32	0	0	0	0	0	0	0	0
3	3	1	3	40	32	2	0	0	0	0	0	0	0
3	3	2	1	36	32	6	0	0	0	0	0	0	0
3	3	2	2	47	32	0	0	0	0	0	0	0	0
3	3	2	3	46	32	0	0	0	0	0	0	0	0
3	3	3	1	60	32	0	0	0	0	0	0	0	0
3	3	3	2	4	32	0	0	0	0	0	0	0	0
3	3	3	3	58	32	0	0	0	0	0	0	0	0
1	1	1	1	82	35	2	0	0	0	0	0	0	0
1	1	1	2	30	35	1	0	0	0	0	0	0	0
1	1	1	3	55	35	0	0	0	0	0	0	0	0
1	1	2	1	43	35	2	0	0	0	0	0	0	0
1	1	2	2	59	35	5	0	0	0	0	0	0	0
1	1	2	3	9	35	0	0	0	0	0	0	0	0
1	1	3	1	69	35	0	0	0	0	0	0	0	0
1	1	3	2	49	35	5	1	0	0	0	0	0	0
1	1	3	3	65	35	0	0	0	0	0	1	0	0
1	2	1	1	67	35	1	0	0	0	0	0	0	0
1	2	1	2	10	35	0	0	0	0	0	0	0	0
1	2	1	3	37	35	5	0	0	0	0	0	0	0
1	2	2	1	85	35	4	0	0	0	0	0	0	0
1	2	2	2	33	35	0	0	0	0	0	0	0	0
1	2	2	3	79	35	7	0	0	0	0	0	0	0
1	2	3	1	70	35	0	0	0	0	0	0	0	0
1	2	3	2	76	35	8	0	0	0	0	0	0	0
1	2	3	3	3	35	0	0	0	0	0	1	0	0
1	3	1	1	64	35	0	0	0	0	0	0	0	0
1	3	1	2	22	35	0	0	0	0	0	0	0	0
1	3	1	3	56	35	0	0	0	0	0	0	0	0
1	3	2	1	73	35	2	0	0	0	0	0	0	0
1	3	2	2	31	35	5	0	0	0	1	0	0	0
1	3	2	3	11	35	3	0	0	0	0	1	0	0
1	3	3	1	18	35	0	0	0	0	0	0	0	0
1	3	3	2	72	35	8	1	0	0	0	0	0	0
1	3	3	3	45	35	0	0	0	0	0	0	0	0
2	1	1	1	50	35	0	0	0	0	0	0	0	0
2	1	1	2	15	35	0	0	0	0	1	0	0	0
2	1	1	3	68	35	0	0	0	0	0	0	0	0
2	1	2	1	12	35	5	0	0	0	0	0	0	0
2	1	2	2	42	35	0	0	0	0	0	0	0	0
2	1	2	3	35	35	3	0	0	0	0	0	0	0
2	1	3	1	87	35	6	0	0	0	0	0	0	0
2	1	3	2	14	35	0	0	0	0	0	0	0	0
2	1	3	3	48	35	1	0	0	0	1	3	0	0
2	2	1	1	8	35	17	0	0	0	0	0	0	0
2	2	1	2	13	35	0	0	0	0	0	0	0	0
2	2	1	3	5	35	0	0	0	0	0	0	0	0
2	2	2	1	81	35	15	0	0	0	1	0	0	0
2	2	2	2	75	35	7	0	0	0	0	0	0	0
2	2	2	3	61	35	0	0	0	0	0	0	0	0
2	2	3	1	41	35	0	0	0	0	0	0	0	0
2	2	3	2	28	35	0	0	0	0	0	0	0	0
2	2	3	3	7	35	0	0	0	0	0	0	0	0
2	3	1	1	66	35	0	0	0	0	0	0	0	0
2	3	1	2	17	35	7	0	0	0	0	0	0	0
2	3	1	3	51	35	0	0	0	0	0	0	0	0
2	3	2	1	19	35	1	0	0	0	0	0	0	0
2	3	2	2	6	35	0	0	0	0	0	0	0	0
2	3	2	3	25	35	0	0	0	0	0	0	0	0
2	3	3	1	44	35	0	0	0	0	0	0	0	0
2	3	3	2	62	35	0	0	0	0	0	0	0	0
2	3	3	3	34	35	0	0	0	0	0	0	0	0
3	1	1	1	29	35	0	0	0	0	0	0	0	0
3	1	1	2	27	35	18	0	0	0	0	0	0	0
3	1	1	3	71	35	125	0	0	0	0	0	0	0
3	1	2	1	38	35	8	0	0	0	0	0	0	0
3	1	2	2	26	35	2	1	0	0	0	0	0	0
3	1	2	3	86	35	10	0	0	0	0	0	0	0
3	1	3	1	83	35	8	0	0	0	0	0	0	0
3	1	3	2	39	35	1	0	0	0	0	0	0	0
3	1	3	3	63	35	48	1	0	0	0	0	0	0
3	2	1	1	16	35	10	0	0	0	0	0	0	0
3	2	1	2	57	35	0	0	0	0	0	0	0	0
3	2	1	3	53	35	24	0	0	0	0	0	0	0
3	2	2	1	23	35	7	0	0	0	0	0	0	0
3	2	2	2	54	35	50	1	0	0	0	0	0	0
3	2	2	3	52	35	24	0	0	0	0	0	0	0
3	2	3	1	24	35	5	0	0	0	0	0	0	0
3	2	3	2	2	35	84	0	0	0	1	0	0	1
3	2	3	3	84	35	75	0	0	0	1	0	0	1
3	3	1	1	32	35	0	0	0	0	2	0	0	0
3	3	1	2	20	35	2	0	0	0	0	0	0	0
3	3	1	3	40	35	0	0	0	0	0	0	0	0
3	3	2	1	36	35	0	0	0	0	0	0	0	0
3	3	2	2	47	35	0	0	0	0	0	0	0	0
3	3	2	3	46	35	0	0	0	0	0	0	0	0
3	3	3	1	60	35	0	0	0	0	0	0	0	0
3	3	3	2	4	35	0	0	0	0	0	0	0	0
3	3	3	3	58	35	0	0	0	0	0	0	0	0
1	1	1	1	82	36	2	0	0	0	0	0	0	0
1	1	1	2	30	36	0	0	0	0	0	0	0	0
1	1	1	3	55	36	0	0	0	0	0	0	0	0
1	1	2	1	43	36	3	0	0	0	0	0	0	0
1	1	2	2	59	36	4	0	0	0	0	0	0	0
1	1	2	3	9	36	0	0	0	0	0	0	0	0
1	1	3	1	69	36	0	0	0	0	0	0	0	0
1	1	3	2	49	36	0	1	0	0	0	0	0	0
1	1	3	3	65	36	0	0	0	0	0	1	0	0
1	2	1	1	67	36	0	0	0	0	0	0	0	0
1	2	1	2	10	36	0	0	0	0	0	0	0	0
1	2	1	3	37	36	4	0	0	0	0	0	0	0
1	2	2	1	85	36	2	0	0	0	0	0	0	0
1	2	2	2	33	36	11	0	0	0	0	0	0	0
1	2	2	3	79	36	8	0	0	0	0	0	0	0
1	2	3	1	70	36	2	0	0	0	0	0	0	0
1	2	3	2	76	36	13	0	0	0	0	0	0	0
1	2	3	3	3	36	2	0	0	0	1	0	0	0
1	3	1	1	64	36	0	0	0	0	0	0	0	0
1	3	1	2	22	36	0	0	0	0	0	1	0	0
1	3	1	3	56	36	1	0	0	0	0	0	0	0
1	3	2	1	73	36	6	0	0	0	0	0	0	0
1	3	2	2	31	36	0	0	0	0	0	0	0	0
1	3	2	3	11	36	5	0	0	0	0	2	0	0
1	3	3	1	18	36	0	0	0	0	0	0	0	0
1	3	3	2	72	36	6	0	0	0	0	0	0	0
1	3	3	3	45	36	0	0	0	0	0	0	0	0
2	1	1	1	50	36	0	0	0	0	0	0	0	0
2	1	1	2	15	36	0	0	0	0	0	0	0	0
2	1	1	3	68	36	0	0	0	0	0	0	0	0
2	1	2	1	12	36	4	0	0	0	0	0	0	0
2	1	2	2	42	36	0	0	0	0	0	0	0	0
2	1	2	3	35	36	2	0	0	0	0	0	0	0
2	1	3	1	87	36	2	0	0	0	0	0	0	0
2	1	3	2	14	36	0	0	0	0	0	0	0	0
2	1	3	3	48	36	0	0	0	0	0	3	0	0
2	2	1	1	8	36	15	0	0	0	0	1	0	0
2	2	1	2	13	36	0	0	0	0	0	0	0	0
2	2	1	3	5	36	0	0	0	0	0	0	0	0
2	2	2	1	81	36	7	1	0	0	1	0	0	0
2	2	2	2	75	36	21	0	0	0	0	0	0	0
2	2	2	3	61	36	0	0	0	0	0	0	0	0
2	2	3	1	41	36	0	0	0	0	0	1	0	0
2	2	3	2	28	36	0	0	0	0	0	0	0	0
2	2	3	3	7	36	0	0	0	0	0	0	0	0
2	3	1	1	66	36	0	0	0	0	0	0	0	0
2	3	1	2	17	36	4	0	0	0	0	0	0	0
2	3	1	3	51	36	0	0	0	0	0	0	0	0
2	3	2	1	19	36	1	0	0	0	0	0	0	0
2	3	2	2	6	36	12	0	0	0	0	0	0	0
2	3	2	3	25	36	3	0	0	0	0	0	0	0
2	3	3	1	44	36	0	0	0	0	0	0	0	0
2	3	3	2	62	36	0	0	0	0	0	0	0	0
2	3	3	3	34	36	0	0	0	0	0	0	0	0
3	1	1	1	29	36	0	0	0	0	2	0	0	0
3	1	1	2	27	36	25	0	0	0	0	0	0	0
3	1	1	3	71	36	180	0	0	0	0	0	0	0
3	1	2	1	38	36	10	1	0	0	0	0	0	0
3	1	2	2	26	36	0	0	0	0	0	0	0	0
3	1	2	3	86	36	15	0	0	0	0	0	0	0
3	1	3	1	83	36	5	1	0	0	0	0	0	0
3	1	3	2	39	36	3	0	0	0	0	0	0	0
3	1	3	3	63	36	0	1	0	0	0	0	0	0
3	2	1	1	16	36	12	0	0	0	0	0	0	0
3	2	1	2	57	36	1	0	0	0	0	0	0	0
3	2	1	3	53	36	7	1	0	0	0	0	0	0
3	2	2	1	23	36	9	0	0	0	1	0	0	0
3	2	2	2	54	36	36	0	0	0	0	0	0	0
3	2	2	3	52	36	36	0	0	0	0	1	0	0
3	2	3	1	24	36	1	0	0	0	0	0	0	0
3	2	3	2	2	36	42	0	0	0	0	1	0	1
3	2	3	3	84	36	93	0	0	0	0	0	0	0
3	3	1	1	32	36	0	0	0	0	0	2	0	0
3	3	1	2	20	36	1	0	0	0	0	0	0	0
3	3	1	3	40	36	0	0	0	0	0	0	0	0
3	3	2	1	36	36	0	0	0	0	0	0	0	0
3	3	2	2	47	36	0	0	0	0	0	0	0	0
3	3	2	3	46	36	0	0	0	0	0	0	0	0
3	3	3	1	60	36	0	0	0	0	0	0	0	0
3	3	3	2	4	36	0	0	0	0	0	0	0	0
3	3	3	3	58	36	0	0	0	0	0	0	0	0
1	1	1	1	82	37	0	0	0	0	0	0	0	0
1	1	1	2	30	37	0	0	0	0	0	0	0	0
1	1	1	3	55	37	0	0	0	0	0	0	0	0
1	1	2	1	43	37	1	0	0	0	0	0	0	0
1	1	2	2	59	37	2	0	0	0	0	1	0	0
1	1	2	3	9	37	0	0	0	0	0	0	0	0
1	1	3	1	69	37	0	0	0	0	0	0	0	0
1	1	3	2	49	37	1	0	0	0	0	0	0	0
1	1	3	3	65	37	0	0	0	0	0	0	0	0
1	2	1	1	67	37	3	0	0	0	0	0	0	0
1	2	1	2	10	37	0	0	0	0	0	0	0	0
1	2	1	3	37	37	0	0	0	0	0	0	0	0
1	2	2	1	85	37	0	0	0	0	0	0	1	0
1	2	2	2	33	37	0	1	0	0	0	0	0	0
1	2	2	3	79	37	10	0	0	0	0	0	0	0
1	2	3	1	70	37	0	0	0	0	0	0	0	0
1	2	3	2	76	37	16	0	0	0	0	1	0	0
1	2	3	3	3	37	1	0	0	0	0	0	0	0
1	3	1	1	64	37	0	0	0	0	0	0	0	0
1	3	1	2	22	37	0	0	0	0	0	0	0	0
1	3	1	3	56	37	1	0	0	0	0	0	0	0
1	3	2	1	73	37	0	0	0	0	0	0	0	0
1	3	2	2	31	37	1	0	0	0	0	0	0	0
1	3	2	3	11	37	4	0	0	0	0	1	0	0
1	3	3	1	18	37	0	0	0	0	0	0	0	0
1	3	3	2	72	37	8	0	0	0	0	0	0	0
1	3	3	3	45	37	0	0	0	0	0	0	0	0
2	1	1	1	50	37	0	0	0	0	0	0	0	0
2	1	1	2	15	37	0	0	0	0	0	0	0	0
2	1	1	3	68	37	0	0	0	0	0	0	0	0
2	1	2	1	12	37	3	0	0	0	1	0	0	0
2	1	2	2	42	37	0	0	0	0	0	0	0	0
2	1	2	3	35	37	2	0	0	0	0	0	0	0
2	1	3	1	87	37	0	0	0	0	0	0	0	0
2	1	3	2	14	37	0	0	0	0	0	0	0	0
2	1	3	3	48	37	0	0	0	0	0	4	0	0
2	2	1	1	8	37	15	0	0	0	0	0	0	0
2	2	1	2	13	37	0	0	0	0	0	0	0	0
2	2	1	3	5	37	0	0	0	0	1	0	0	0
2	2	2	1	81	37	0	0	0	0	0	0	0	0
2	2	2	2	75	37	3	1	0	0	0	0	0	0
2	2	2	3	61	37	1	0	0	0	1	0	0	0
2	2	3	1	41	37	0	0	0	0	0	0	0	0
2	2	3	2	28	37	0	0	0	0	1	1	0	0
2	2	3	3	7	37	0	0	0	0	0	0	0	0
2	3	1	1	66	37	0	0	0	0	0	0	0	0
2	3	1	2	17	37	5	0	0	0	0	0	0	0
2	3	1	3	51	37	0	0	0	0	0	0	0	0
2	3	2	1	19	37	1	0	0	0	0	0	0	0
2	3	2	2	6	37	2	0	0	0	0	0	0	0
2	3	2	3	25	37	0	0	0	0	0	0	0	0
2	3	3	1	44	37	0	0	0	0	0	0	0	0
2	3	3	2	62	37	0	0	0	0	0	0	0	0
2	3	3	3	34	37	0	0	0	0	0	0	0	0
3	1	1	1	29	37	0	0	0	0	0	1	0	0
3	1	1	2	27	37	43	0	0	0	0	0	0	0
3	1	1	3	71	37	84	1	0	0	0	0	0	0
3	1	2	1	38	37	0	0	0	0	0	0	0	0
3	1	2	2	26	37	0	0	0	0	0	0	0	0
3	1	2	3	86	37	0	0	0	0	0	0	0	0
3	1	3	1	83	37	0	0	0	0	0	0	0	0
3	1	3	2	39	37	0	0	0	0	0	0	0	0
3	1	3	3	63	37	0	0	0	0	0	0	0	0
3	2	1	1	16	37	9	0	0	0	0	0	0	0
3	2	1	2	57	37	1	0	0	0	0	0	0	0
3	2	1	3	53	37	1	0	0	0	0	1	0	0
3	2	2	1	23	37	1	0	0	0	0	0	0	0
3	2	2	2	54	37	0	1	0	0	0	0	0	0
3	2	2	3	52	37	4	0	0	0	1	0	0	0
3	2	3	1	24	37	2	0	0	0	0	0	0	0
3	2	3	2	2	37	112	0	0	0	0	0	0	1
3	2	3	3	84	37	76	0	0	0	0	0	0	1
3	3	1	1	32	37	0	0	0	0	1	0	0	0
3	3	1	2	20	37	5	0	0	0	0	0	0	0
3	3	1	3	40	37	0	0	0	0	0	0	0	0
3	3	2	1	36	37	0	0	0	0	0	0	0	0
3	3	2	2	47	37	3	0	0	0	1	0	0	0
3	3	2	3	46	37	0	0	0	0	0	0	0	0
3	3	3	1	60	37	0	0	0	0	0	0	0	0
3	3	3	2	4	37	0	0	0	0	0	0	0	0
3	3	3	3	58	37	0	0	0	0	1	0	0	0
1	1	1	1	82	38	0	0	0	0	0	0	0	0
1	1	1	2	30	38	0	0	0	0	0	0	0	0
1	1	1	3	55	38	0	0	0	0	0	1	0	0
1	1	2	1	43	38	1	0	0	0	0	0	0	0
1	1	2	2	59	38	2	0	0	0	0	1	0	0
1	1	2	3	9	38	0	0	0	0	0	0	0	0
1	1	3	1	69	38	8	0	0	0	0	1	0	0
1	1	3	2	49	38	0	0	0	0	0	0	0	0
1	1	3	3	65	38	0	0	0	0	0	0	0	0
1	2	1	1	67	38	3	0	0	0	0	0	0	0
1	2	1	2	10	38	4	0	0	0	0	0	0	0
1	2	1	3	37	38	0	0	0	0	0	0	0	0
1	2	2	1	85	38	0	0	0	0	0	0	0	0
1	2	2	2	33	38	0	0	0	0	0	0	0	0
1	2	2	3	79	38	1	0	0	0	0	0	0	0
1	2	3	1	70	38	0	0	0	0	0	0	0	0
1	2	3	2	76	38	0	0	0	0	0	0	1	0
1	2	3	3	3	38	1	0	0	0	0	0	0	0
1	3	1	1	64	38	0	0	0	0	0	0	0	0
1	3	1	2	22	38	0	0	0	0	0	0	0	0
1	3	1	3	56	38	0	1	0	0	0	0	0	0
1	3	2	1	73	38	0	0	0	0	0	0	0	0
1	3	2	2	31	38	0	0	0	0	1	0	0	0
1	3	2	3	11	38	8	0	0	0	0	2	0	0
1	3	3	1	18	38	0	0	0	0	0	0	0	0
1	3	3	2	72	38	0	0	0	0	0	0	0	0
1	3	3	3	45	38	2	0	0	0	0	0	0	0
2	1	1	1	50	38	0	0	0	0	0	0	0	0
2	1	1	2	15	38	0	0	0	0	0	0	0	0
2	1	1	3	68	38	0	0	0	0	0	0	0	0
2	1	2	1	12	38	6	0	0	0	0	0	0	0
2	1	2	2	42	38	0	0	0	0	0	0	0	0
2	1	2	3	35	38	2	0	0	0	0	0	0	0
2	1	3	1	87	38	0	0	0	0	0	0	0	0
2	1	3	2	14	38	0	0	0	0	0	0	0	0
2	1	3	3	48	38	0	0	0	0	0	5	0	0
2	2	1	1	8	38	18	0	0	0	0	0	0	0
2	2	1	2	13	38	0	0	0	0	0	0	0	0
2	2	1	3	5	38	0	0	0	0	0	0	0	0
2	2	2	1	81	38	0	0	0	0	0	0	0	0
2	2	2	2	75	38	0	1	0	0	0	0	0	0
2	2	2	3	61	38	5	0	0	0	0	0	0	0
2	2	3	1	41	38	0	0	0	0	0	2	0	0
2	2	3	2	28	38	0	0	0	0	0	0	0	0
2	2	3	3	7	38	0	0	0	0	0	0	0	0
2	3	1	1	66	38	0	0	0	0	0	0	0	0
2	3	1	2	17	38	6	0	0	0	2	0	0	0
2	3	1	3	51	38	0	0	0	0	0	0	0	0
2	3	2	1	19	38	0	0	0	0	1	0	0	0
2	3	2	2	6	38	1	0	0	0	0	0	0	0
2	3	2	3	25	38	0	0	0	0	0	0	0	0
2	3	3	1	44	38	0	0	0	0	0	0	0	0
2	3	3	2	62	38	1	0	0	0	0	0	0	0
2	3	3	3	34	38	0	0	0	0	0	0	0	0
3	1	1	1	29	38	0	0	0	0	0	0	0	0
3	1	1	2	27	38	42	0	0	0	0	0	0	0
3	1	1	3	71	38	89	1	0	0	0	0	0	0
3	1	2	1	38	38	2	0	0	0	0	0	0	0
3	1	2	2	26	38	0	0	0	0	1	0	0	0
3	1	2	3	86	38	0	0	0	0	0	1	0	0
3	1	3	1	83	38	0	0	0	0	0	0	0	0
3	1	3	2	39	38	0	0	0	0	0	0	0	0
3	1	3	3	63	38	0	0	0	0	0	0	0	0
3	2	1	1	16	38	10	0	0	0	0	0	0	0
3	2	1	2	57	38	1	0	0	0	0	0	0	0
3	2	1	3	53	38	1	0	0	0	0	0	0	0
3	2	2	1	23	38	0	0	0	0	0	0	0	0
3	2	2	2	54	38	0	0	0	0	0	0	0	0
3	2	2	3	52	38	2	0	0	0	1	1	0	0
3	2	3	1	24	38	2	0	0	0	0	0	0	0
3	2	3	2	2	38	92	0	0	8	0	0	0	0
3	2	3	3	84	38	59	0	0	0	0	0	0	0
3	3	1	1	32	38	0	0	0	0	0	0	0	0
3	3	1	2	20	38	6	0	0	0	0	0	0	0
3	3	1	3	40	38	0	0	0	0	0	0	0	0
3	3	2	1	36	38	0	0	0	0	0	0	0	0
3	3	2	2	47	38	6	0	0	0	0	0	0	0
3	3	2	3	46	38	0	0	0	0	0	0	0	0
3	3	3	1	60	38	0	0	0	0	0	0	0	0
3	3	3	2	4	38	0	0	0	0	0	0	0	0
3	3	3	3	58	38	0	0	0	0	0	0	0	0
1	1	1	1	82	39	0	0	0	0	0	0	0	0
1	1	1	2	30	39	0	0	0	0	0	0	0	0
1	1	1	3	55	39	0	0	0	0	0	0	0	0
1	1	2	1	43	39	1	0	0	0	1	0	0	0
1	1	2	2	59	39	0	0	0	0	0	0	0	0
1	1	2	3	9	39	0	0	0	0	0	0	0	0
1	1	3	1	69	39	0	0	0	0	0	0	0	0
1	1	3	2	49	39	0	0	0	0	0	0	0	0
1	1	3	3	65	39	1	0	0	0	0	1	0	0
1	2	1	1	67	39	0	0	0	0	0	0	0	0
1	2	1	2	10	39	0	0	0	0	0	0	0	0
1	2	1	3	37	39	0	0	0	0	0	0	0	0
1	2	2	1	85	39	0	0	0	0	0	0	0	0
1	2	2	2	33	39	0	0	0	0	0	0	0	0
1	2	2	3	79	39	0	0	0	0	0	0	0	0
1	2	3	1	70	39	0	0	0	0	0	0	0	0
1	2	3	2	76	39	0	0	0	0	0	0	0	0
1	2	3	3	3	39	1	0	0	0	0	0	0	0
1	3	1	1	64	39	0	0	0	0	0	0	0	0
1	3	1	2	22	39	1	0	0	0	0	0	0	0
1	3	1	3	56	39	4	0	0	0	0	0	0	0
1	3	2	1	73	39	0	0	0	0	0	0	0	0
1	3	2	2	31	39	0	1	0	0	0	0	0	0
1	3	2	3	11	39	0	0	0	0	0	0	0	0
1	3	3	1	18	39	0	0	0	0	0	0	0	0
1	3	3	2	72	39	0	0	0	0	0	0	0	0
1	3	3	3	45	39	0	0	0	0	0	0	0	0
2	1	1	1	50	39	0	0	0	0	0	0	0	0
2	1	1	2	15	39	0	0	0	0	0	0	0	0
2	1	1	3	68	39	0	0	0	0	0	0	0	0
2	1	2	1	12	39	5	0	0	0	0	0	0	0
2	1	2	2	42	39	0	0	0	0	0	0	0	0
2	1	2	3	35	39	1	0	0	0	0	0	0	0
2	1	3	1	87	39	0	0	0	0	0	0	0	0
2	1	3	2	14	39	0	0	0	0	1	0	0	0
2	1	3	3	48	39	0	0	0	0	0	5	0	0
2	2	1	1	8	39	15	0	0	0	0	0	0	0
2	2	1	2	13	39	0	0	0	0	1	0	0	0
2	2	1	3	5	39	0	0	0	0	0	0	0	0
2	2	2	1	81	39	6	0	0	0	0	0	0	0
2	2	2	2	75	39	0	0	0	0	0	0	0	0
2	2	2	3	61	39	0	0	0	0	0	0	0	0
2	2	3	1	41	39	0	0	0	0	0	0	0	0
2	2	3	2	28	39	0	0	0	0	0	4	0	0
2	2	3	3	7	39	0	0	0	0	0	0	0	0
2	3	1	1	66	39	0	0	0	0	0	0	0	0
2	3	1	2	17	39	6	0	0	0	1	0	0	0
2	3	1	3	51	39	0	0	0	0	1	0	0	0
2	3	2	1	19	39	0	0	0	0	0	0	0	0
2	3	2	2	6	39	0	0	0	0	0	0	0	0
2	3	2	3	25	39	0	0	0	0	0	0	0	0
2	3	3	1	44	39	0	0	0	0	0	0	0	0
2	3	3	2	62	39	0	0	0	0	0	0	0	0
2	3	3	3	34	39	0	0	0	0	0	0	0	0
3	1	1	1	29	39	0	0	0	0	0	0	0	0
3	1	1	2	27	39	21	0	0	0	0	0	0	0
3	1	1	3	71	39	50	1	0	0	0	0	0	0
3	1	2	1	38	39	2	0	0	0	0	0	0	0
3	1	2	2	26	39	0	0	0	0	0	0	0	0
3	1	2	3	86	39	0	0	0	0	0	0	0	0
3	1	3	1	83	39	0	0	0	0	0	0	0	0
3	1	3	2	39	39	0	0	0	0	0	0	0	0
3	1	3	3	63	39	0	0	0	0	0	0	0	0
3	2	1	1	16	39	26	0	0	0	0	0	0	0
3	2	1	2	57	39	0	0	0	0	0	0	0	0
3	2	1	3	53	39	0	0	0	0	0	0	0	0
3	2	2	1	23	39	0	0	0	0	0	0	0	0
3	2	2	2	54	39	0	0	0	0	0	0	0	0
3	2	2	3	52	39	1	0	0	0	1	0	0	0
3	2	3	1	24	39	0	0	0	0	0	0	0	0
3	2	3	2	2	39	5	0	0	4	0	0	0	0
3	2	3	3	84	39	69	0	0	0	0	0	0	0
3	3	1	1	32	39	0	0	0	0	0	0	0	0
3	3	1	2	20	39	4	0	0	0	0	0	0	0
3	3	1	3	40	39	0	0	0	0	0	0	0	0
3	3	2	1	36	39	0	0	0	0	0	0	0	0
3	3	2	2	47	39	0	0	0	0	0	0	0	0
3	3	2	3	46	39	0	0	0	0	0	0	0	0
3	3	3	1	60	39	0	0	0	0	0	0	0	0
3	3	3	2	4	39	0	0	0	0	0	0	0	0
3	3	3	3	58	39	0	0	0	0	0	0	0	0
1	1	1	1	82	40	0	1	0	0	0	0	0	0
1	1	1	2	30	40	0	0	0	0	0	0	0	0
1	1	1	3	55	40	0	0	0	0	0	0	0	0
1	1	2	1	43	40	1	0	0	0	0	0	0	0
1	1	2	2	59	40	0	0	0	0	0	0	0	0
1	1	2	3	9	40	0	0	0	0	0	0	0	0
1	1	3	1	69	40	1	0	0	0	0	0	0	0
1	1	3	2	49	40	1	0	0	0	0	1	0	0
1	1	3	3	65	40	0	0	0	0	0	0	0	0
1	2	1	1	67	40	1	0	0	0	0	0	0	0
1	2	1	2	10	40	0	0	0	0	0	0	0	0
1	2	1	3	37	40	0	0	0	0	0	0	0	0
1	2	2	1	85	40	1	0	0	0	1	0	0	0
1	2	2	2	33	40	0	0	0	0	0	0	0	0
1	2	2	3	79	40	0	0	0	0	0	0	0	0
1	2	3	1	70	40	0	0	0	0	0	0	0	0
1	2	3	2	76	40	0	0	0	0	0	0	0	0
1	2	3	3	3	40	0	0	0	0	0	0	0	0
1	3	1	1	64	40	1	0	0	0	0	0	0	0
1	3	1	2	22	40	0	0	0	0	0	0	0	0
1	3	1	3	56	40	4	0	0	0	1	0	0	0
1	3	2	1	73	40	0	0	0	0	0	0	0	0
1	3	2	2	31	40	0	0	0	0	0	0	0	0
1	3	2	3	11	40	5	0	0	0	0	0	0	0
1	3	3	1	18	40	0	0	0	0	0	0	0	0
1	3	3	2	72	40	0	0	0	0	0	0	0	0
1	3	3	3	45	40	0	0	0	0	0	0	0	0
2	1	1	1	50	40	0	0	0	0	0	0	0	0
2	1	1	2	15	40	0	0	0	0	0	0	0	0
2	1	1	3	68	40	0	0	0	0	0	0	0	0
2	1	2	1	12	40	1	0	0	0	0	0	0	0
2	1	2	2	42	40	0	0	0	0	0	0	0	0
2	1	2	3	35	40	0	0	0	0	0	0	0	0
2	1	3	1	87	40	1	0	0	0	0	0	0	0
2	1	3	2	14	40	0	0	0	0	0	0	0	0
2	1	3	3	48	40	0	0	0	0	0	3	0	0
2	2	1	1	8	40	14	0	0	0	0	1	0	0
2	2	1	2	13	40	0	0	0	0	0	0	0	0
2	2	1	3	5	40	0	0	0	0	0	0	0	0
2	2	2	1	81	40	0	0	0	0	1	0	0	0
2	2	2	2	75	40	0	0	0	0	0	0	0	0
2	2	2	3	61	40	1	0	0	0	1	0	0	0
2	2	3	1	41	40	0	0	0	0	0	3	0	0
2	2	3	2	28	40	0	0	0	0	0	0	0	0
2	2	3	3	7	40	0	0	0	0	0	0	0	0
2	3	1	1	66	40	0	0	0	0	0	0	0	0
2	3	1	2	17	40	9	0	0	0	0	0	0	0
2	3	1	3	51	40	0	0	0	0	0	0	0	0
2	3	2	1	19	40	1	0	0	0	0	0	0	0
2	3	2	2	6	40	0	0	0	0	0	0	0	0
2	3	2	3	25	40	1	0	0	0	0	0	0	0
2	3	3	1	44	40	0	0	0	0	0	0	0	0
2	3	3	2	62	40	1	0	0	0	0	0	0	0
2	3	3	3	34	40	0	0	0	0	0	0	0	0
3	1	1	1	29	40	1	0	0	0	0	1	0	0
3	1	1	2	27	40	19	0	0	0	0	0	0	0
3	1	1	3	71	40	32	1	0	0	0	0	0	0
3	1	2	1	38	40	0	0	0	0	0	0	0	0
3	1	2	2	26	40	0	0	0	0	0	0	0	0
3	1	2	3	86	40	0	0	0	0	0	0	0	0
3	1	3	1	83	40	0	0	0	0	0	0	0	0
3	1	3	2	39	40	1	0	0	0	0	0	0	0
3	1	3	3	63	40	0	0	0	0	0	0	0	0
3	2	1	1	16	40	33	0	0	0	0	0	0	0
3	2	1	2	57	40	0	0	0	0	0	0	0	0
3	2	1	3	53	40	0	0	0	0	0	0	0	0
3	2	2	1	23	40	0	0	0	0	1	0	0	0
3	2	2	2	54	40	3	0	0	0	0	0	0	0
3	2	2	3	52	40	4	0	0	0	0	1	0	0
3	2	3	1	24	40	0	0	0	0	0	0	0	0
3	2	3	2	2	40	0	0	0	1	0	0	0	0
3	2	3	3	84	40	87	0	0	0	0	0	0	0
3	3	1	1	32	40	0	0	0	0	1	0	0	0
3	3	1	2	20	40	9	0	0	0	0	0	0	0
3	3	1	3	40	40	0	0	0	0	0	0	0	0
3	3	2	1	36	40	0	0	0	0	0	0	0	0
3	3	2	2	47	40	1	0	0	0	0	0	0	0
3	3	2	3	46	40	0	0	0	0	0	0	0	0
3	3	3	1	60	40	0	0	0	0	0	0	0	0
3	3	3	2	4	40	0	0	0	0	0	0	0	0
3	3	3	3	58	40	0	0	0	0	1	0	0	0
1	1	1	1	82	41	0	0	0	0	0	0	0	0
1	1	1	2	30	41	0	0	0	0	0	0	0	0
1	1	1	3	55	41	0	0	0	0	0	0	0	0
1	1	2	1	43	41	1	0	0	0	0	0	0	0
1	1	2	2	59	41	1	0	0	0	0	0	0	0
1	1	2	3	9	41	0	0	0	0	0	0	0	0
1	1	3	1	69	41	0	0	0	0	0	0	0	0
1	1	3	2	49	41	10	0	0	0	0	0	0	0
1	1	3	3	65	41	5	0	0	0	0	1	0	0
1	2	1	1	67	41	3	0	0	0	1	0	0	0
1	2	1	2	10	41	1	0	0	0	0	0	0	0
1	2	1	3	37	41	0	0	0	0	0	0	0	0
1	2	2	1	85	41	0	0	0	0	0	0	0	0
1	2	2	2	33	41	0	0	0	0	0	0	0	0
1	2	2	3	79	41	0	0	0	0	0	0	0	0
1	2	3	1	70	41	0	0	0	0	1	0	0	0
1	2	3	2	76	41	0	0	0	0	0	0	0	0
1	2	3	3	3	41	1	0	0	0	0	0	0	0
1	3	1	1	64	41	3	0	0	0	0	0	0	0
1	3	1	2	22	41	0	0	0	0	0	0	0	0
1	3	1	3	56	41	0	0	0	0	0	1	0	0
1	3	2	1	73	41	0	0	0	0	1	0	0	0
1	3	2	2	31	41	0	0	0	0	0	0	0	0
1	3	2	3	11	41	6	0	0	0	0	0	0	0
1	3	3	1	18	41	4	0	0	0	0	0	0	0
1	3	3	2	72	41	0	0	0	0	0	0	0	0
1	3	3	3	45	41	0	0	0	0	1	0	0	0
2	1	1	1	50	41	0	0	0	0	1	0	0	0
2	1	1	2	15	41	0	0	0	0	0	0	0	0
2	1	1	3	68	41	0	0	0	0	0	0	0	0
2	1	2	1	12	41	1	0	0	0	0	0	0	0
2	1	2	2	42	41	0	0	0	0	0	0	0	0
2	1	2	3	35	41	3	0	0	0	0	0	0	0
2	1	3	1	87	41	0	0	0	0	0	0	0	0
2	1	3	2	14	41	0	0	0	0	0	0	0	0
2	1	3	3	48	41	0	0	0	0	0	3	0	0
2	2	1	1	8	41	23	0	0	0	0	0	0	0
2	2	1	2	13	41	0	0	0	0	0	0	0	0
2	2	1	3	5	41	0	0	0	0	0	0	0	0
2	2	2	1	81	41	0	0	0	0	0	0	0	0
2	2	2	2	75	41	0	0	0	0	0	0	0	0
2	2	2	3	61	41	3	0	0	0	0	0	0	0
2	2	3	1	41	41	3	0	0	0	0	0	0	0
2	2	3	2	28	41	0	0	0	0	0	0	0	0
2	2	3	3	7	41	0	0	0	0	1	0	0	0
2	3	1	1	66	41	0	0	0	0	0	0	0	0
2	3	1	2	17	41	11	0	0	0	0	0	0	0
2	3	1	3	51	41	0	0	0	0	0	0	0	0
2	3	2	1	19	41	1	0	0	0	0	0	0	0
2	3	2	2	6	41	0	0	0	0	0	0	0	0
2	3	2	3	25	41	0	0	0	0	0	0	0	0
2	3	3	1	44	41	0	0	0	0	0	0	0	0
2	3	3	2	62	41	0	0	0	0	0	0	0	0
2	3	3	3	34	41	0	0	0	0	2	0	0	0
3	1	1	1	29	41	1	0	0	0	1	0	0	0
3	1	1	2	27	41	28	0	0	0	0	0	0	0
3	1	1	3	71	41	5	0	0	0	0	0	0	0
3	1	2	1	38	41	0	0	0	0	0	0	0	0
3	1	2	2	26	41	0	0	0	0	0	0	0	0
3	1	2	3	86	41	1	0	0	0	0	0	0	0
3	1	3	1	83	41	3	0	0	0	0	0	0	0
3	1	3	2	39	41	6	0	0	0	0	0	0	0
3	1	3	3	63	41	0	0	0	0	0	0	0	0
3	2	1	1	16	41	48	0	0	0	0	0	0	0
3	2	1	2	57	41	0	0	0	0	0	0	0	0
3	2	1	3	53	41	0	0	0	0	0	0	0	0
3	2	2	1	23	41	0	0	0	0	0	1	0	0
3	2	2	2	54	41	4	0	0	0	0	0	0	0
3	2	2	3	52	41	6	0	0	0	0	0	0	0
3	2	3	1	24	41	0	0	0	0	0	0	0	0
3	2	3	2	2	41	1	0	0	0	1	0	0	0
3	2	3	3	84	41	0	0	0	0	1	0	0	0
3	3	1	1	32	41	0	0	0	0	0	0	0	0
3	3	1	2	20	41	5	0	0	0	0	0	0	0
3	3	1	3	40	41	0	0	0	0	0	0	0	0
3	3	2	1	36	41	0	0	0	0	0	0	0	0
3	3	2	2	47	41	3	0	0	0	0	0	0	0
3	3	2	3	46	41	0	0	0	0	0	0	0	0
3	3	3	1	60	41	0	0	0	0	0	0	0	0
3	3	3	2	4	41	0	0	0	0	0	0	0	0
3	3	3	3	58	41	0	0	0	0	0	0	0	0
